722.000;1646218199642265.5
546.000;1646218217534968.5
547.000;1646218218841088.2
550.000;1646218219713285.5
552.000;1646218220448412.5
557.000;1646218223799006.0
561.000;1646218227784149.5
581.000;1646218239060023.8
580.000;1646218239136009.2
590.000;1646218245184551.2
594.000;1646218248695800.8
601.000;1646218252066093.5
605.000;1646218254625419.2
609.000;1646218260841951.2
613.000;1646218261440295.0
616.000;1646218262612468.2
616.000;1646218263832641.2
618.000;1646218265096616.5
619.000;1646218265374339.5
619.000;1646218266033394.2
624.000;1646218269510774.8
621.000;1646218270119275.0
624.000;1646218271835254.8
626.000;1646218272281861.0
626.000;1646218272523128.5
628.000;1646218274792683.2
629.000;1646218275112170.0
629.000;1646218275821938.5
629.000;1646218276640125.2
630.000;1646218276865216.2
631.000;1646218278321503.8
633.000;1646218279714684.2
634.000;1646218280251304.8
639.000;1646218287487633.5
638.000;1646218287584634.8
640.000;1646218288419292.8
642.000;1646218291699322.0
645.000;1646218294602054.2
648.000;1646218298598265.8
653.000;1646218311441242.2
655.000;1646218315102556.5
655.000;1646218317151056.0
658.000;1646218320067780.0
660.000;1646218325567791.2
661.000;1646218325632357.5
663.000;1646218337783278.2
662.000;1646218339545813.0
664.000;1646218339732352.2
666.000;1646218340407120.2
665.000;1646218343933598.5
664.000;1646218344212424.5
664.000;1646218344400405.8
665.000;1646218349110582.2
666.000;1646218349297718.8
667.000;1646218355385370.2
665.000;1646218358852222.5
666.000;1646218358931613.5
667.000;1646218360213372.2
666.000;1646218361227805.8
667.000;1646218361558930.0
666.000;1646218362071489.8
666.000;1646218362730263.8
668.000;1646218363850499.8
666.000;1646218366107110.8
669.000;1646218366435725.5
667.000;1646218367134342.0
666.000;1646218369101957.2
667.000;1646218369899002.5
667.000;1646218370573145.0
667.000;1646218370974749.5
668.000;1646218374634140.8
666.000;1646218375062320.2
667.000;1646218376555988.0
668.000;1646218377773861.5
666.000;1646218380605104.5
667.000;1646218381059854.2
666.000;1646218381804495.8
668.000;1646218392454517.0
669.000;1646218398283572.2
667.000;1646218398935634.0
668.000;1646218399635686.0
666.000;1646218399833279.0
668.000;1646218405905019.0
666.000;1646218409585992.0
665.000;1646218414697691.2
665.000;1646218421627268.0
665.000;1646218423854045.2
665.000;1646218424061268.8
665.000;1646218424315481.5
664.000;1646218424478020.2
665.000;1646218432334317.8
664.000;1646218432586141.0
664.000;1646218432991888.2
665.000;1646218434642797.8
664.000;1646218436767582.8
664.000;1646218436990757.2
661.000;1646218438501878.2
661.000;1646218446930479.8
661.000;1646218447457259.5
662.000;1646218447635794.8
661.000;1646218448472069.0
661.000;1646218452472544.5
662.000;1646218452864836.8
661.000;1646218454631548.0
661.000;1646218457388488.2
658.000;1646218457770509.8
662.000;1646218457968050.2
661.000;1646218458301486.5
658.000;1646218460361632.8
661.000;1646218463532784.0
661.000;1646218471800707.2
658.000;1646218478192517.8
658.000;1646218482289066.2
655.000;1646218484578366.0
656.000;1646218485284867.0
656.000;1646218485572667.2
657.000;1646218485745025.2
657.000;1646218488425334.2
656.000;1646218488523917.0
657.000;1646218492400200.2
654.000;1646218492824806.5
656.000;1646218493382168.8
655.000;1646218494038558.8
656.000;1646218495555914.2
655.000;1646218495630289.5
654.000;1646218498534776.5
654.000;1646218500036184.5
655.000;1646218501347047.2
653.000;1646218501908965.5
654.000;1646218502050500.5
654.000;1646218504544611.2
653.000;1646218507024916.5
653.000;1646218508287088.2
651.000;1646218510531013.0
652.000;1646218515781148.2
651.000;1646218517223734.2
654.000;1646218517933427.2
652.000;1646218518650989.2
653.000;1646218520405090.5
651.000;1646218522844368.2
651.000;1646218523789929.5
652.000;1646218524251300.0
651.000;1646218527015438.8
651.000;1646218527959319.2
649.000;1646218528660608.0
650.000;1646218529181588.2
643.000;1646218566892371.2
644.000;1646218566988006.2
642.000;1646218577089657.5
643.000;1646218577953808.8
643.000;1646218579316450.2
644.000;1646218579822747.8
642.000;1646218580512768.8
642.000;1646218581932302.0
643.000;1646218584590210.2
642.000;1646218585445269.0
643.000;1646218585620912.5
644.000;1646218586229459.5
642.000;1646218586558722.2
642.000;1646218589327860.5
641.000;1646218590496864.0
642.000;1646218591954194.8
641.000;1646218593362931.8
641.000;1646218594485065.5
641.000;1646218595376344.5
640.000;1646218605520572.8
640.000;1646218611615416.5
641.000;1646218616497503.0
639.000;1646218620984958.8
625.000;1646218766944359.8
626.000;1646218768070917.0
627.000;1646218768261737.8
627.000;1646218769057010.8
628.000;1646218769081107.5
626.000;1646218771430482.5
626.000;1646218773598468.2
627.000;1646218774814234.5
626.000;1646218778431828.0
624.000;1646218778642056.8
626.000;1646218780383806.0
626.000;1646218781139082.8
626.000;1646218782808205.5
626.000;1646218783228508.8
624.000;1646218783523381.8
627.000;1646218785125525.0
626.000;1646218786469357.5
627.000;1646218787327157.8
626.000;1646218787566478.2
626.000;1646218787721928.2
627.000;1646218788819008.5
625.000;1646218789062733.0
624.000;1646218789082175.5
624.000;1646218789082885.5
626.000;1646218789294925.0
625.000;1646218789396742.0
626.000;1646218791880693.2
627.000;1646218797500016.5
626.000;1646218797873387.0
626.000;1646218798342462.0
627.000;1646218799298056.0
626.000;1646218800200286.2
626.000;1646218800366509.0
626.000;1646218800467280.5
628.000;1646218803631251.2
627.000;1646218805047535.2
626.000;1646218807157895.0
627.000;1646218807594406.8
627.000;1646218808115720.5
627.000;1646218808473990.0
626.000;1646218808650102.2
627.000;1646218809425916.8
627.000;1646218809854758.0
627.000;1646218811416293.0
626.000;1646218811620820.8
627.000;1646218814046058.0
626.000;1646218815630224.0
625.000;1646218816167457.8
627.000;1646218817003188.5
627.000;1646218817367787.8
628.000;1646218817532243.8
626.000;1646218817958375.8
625.000;1646218818151732.5
627.000;1646218819141955.8
627.000;1646218820174388.5
627.000;1646218820571584.2
626.000;1646218822187955.2
627.000;1646218822709459.0
625.000;1646218823363973.5
627.000;1646218823860041.8
629.000;1646218824147964.5
625.000;1646218825045156.8
628.000;1646218825694203.0
628.000;1646218826270770.2
627.000;1646218826373639.2
627.000;1646218827483556.8
626.000;1646218827675233.5
626.000;1646218828060156.0
626.000;1646218828764498.0
627.000;1646218828862709.5
627.000;1646218829044566.8
627.000;1646218830363501.8
626.000;1646218831446104.5
626.000;1646218834204500.5
628.000;1646218835427668.5
626.000;1646218835702996.2
627.000;1646218836499655.5
627.000;1646218853910381.0
627.000;1646218856110399.8
626.000;1646218857660803.2
627.000;1646218857753862.5
626.000;1646218858045255.5
626.000;1646218859069692.5
627.000;1646218859924947.2
628.000;1646218865062007.8
627.000;1646218866095695.2
627.000;1646218868734234.2
625.000;1646218870597893.5
626.000;1646218871109342.2
625.000;1646218871218374.8
627.000;1646218873950842.0
628.000;1646218875691872.5
627.000;1646218876143166.8
628.000;1646218878950170.8
628.000;1646218879321394.5
627.000;1646218879806185.5
628.000;1646218883560516.5
627.000;1646218885792313.8
628.000;1646218888061769.8
627.000;1646218893750521.0
626.000;1646218894462112.8
626.000;1646218897459048.2
627.000;1646218897557325.2
626.000;1646218897704128.0
625.000;1646218903516233.2
626.000;1646218905385981.2
628.000;1646218905713073.5
626.000;1646218906409337.0
626.000;1646218908942815.0
626.000;1646218910820073.5
625.000;1646218912721310.5
626.000;1646218914080214.2
626.000;1646218914940595.2
624.000;1646218916080676.2
626.000;1646218916728181.2
626.000;1646218917393679.8
625.000;1646218917497796.0
627.000;1646218918615587.8
626.000;1646218919121534.5
625.000;1646218929324843.8
625.000;1646218929990530.0
625.000;1646218937408151.0
622.000;1646218938509106.2
622.000;1646218940209778.5
625.000;1646218940761669.2
625.000;1646218940915916.8
626.000;1646218942270429.5
624.000;1646218945630451.2
625.000;1646218946097134.5
625.000;1646218946421839.8
626.000;1646218946517892.0
625.000;1646218947029396.5
624.000;1646218948513737.5
626.000;1646218951241564.8
624.000;1646218952559233.8
624.000;1646218954358891.0
625.000;1646218954687090.5
626.000;1646218954771037.8
624.000;1646218957349475.8
626.000;1646218957489625.8
625.000;1646218961239353.8
626.000;1646218966594014.0
624.000;1646218966699810.0
624.000;1646218969868567.5
625.000;1646218986707959.8
626.000;1646218993063383.2
624.000;1646218994054654.2
627.000;1646218999164306.5
626.000;1646219000032591.0
625.000;1646219000213676.2
626.000;1646219002064251.8
625.000;1646219002692792.0
626.000;1646219005721547.5
626.000;1646219006468530.0
625.000;1646219009570853.5
627.000;1646219011627963.2
626.000;1646219013622738.5
627.000;1646219014102184.2
626.000;1646219024317831.8
627.000;1646219025257988.5
624.000;1646219028727330.8
625.000;1646219029615247.2
626.000;1646219031166018.0
626.000;1646219031817673.0
625.000;1646219034491156.2
626.000;1646219035154583.5
626.000;1646219036990191.8
627.000;1646219038544232.8
626.000;1646219039277815.2
627.000;1646219039530769.5
627.000;1646219041049853.5
625.000;1646219044707116.2
401.000;1646219051176537.0
401.000;1646219056068791.8
402.000;1646219057102917.0
406.000;1646219061089751.5
406.000;1646219061394724.0
406.000;1646219061960662.2
405.000;1646219063087040.2
405.000;1646219063257983.5
403.000;1646219063804291.0
403.000;1646219065779784.8
405.000;1646219066304296.5
405.000;1646219067479708.8
409.000;1646219070581026.8
410.000;1646219071125538.2
403.000;1646219073705350.5
403.000;1646219075588307.8
403.000;1646219078593037.2
403.000;1646219092418758.2
403.000;1646219093415908.5
403.000;1646219094805664.2
402.000;1646219097572051.8
403.000;1646219101742051.5
398.000;1646219111360847.8
400.000;1646219112680291.5
398.000;1646219114538926.5
399.000;1646219114778851.0
400.000;1646219117273478.5
401.000;1646219119681101.8
621.000;1646219123642509.8
622.000;1646219124063290.0
624.000;1646219125562344.2
624.000;1646219126177676.5
624.000;1646219126310568.2
624.000;1646219132032971.2
621.000;1646219134090499.0
622.000;1646219136529224.2
622.000;1646219149468253.5
624.000;1646219160807302.8
622.000;1646219164228868.5
624.000;1646219175678895.8
622.000;1646219178507854.5
622.000;1646219179003977.0
622.000;1646219184571288.0
624.000;1646219190572539.0
622.000;1646219192083431.5
621.000;1646219192687821.5
621.000;1646219202014934.2
624.000;1646219202583341.8
622.000;1646219203149047.5
622.000;1646219204164669.0
621.000;1646219212851362.2
621.000;1646219214079294.0
622.000;1646219234726971.8
622.000;1646219237542004.5
622.000;1646219238319674.2
622.000;1646219240509802.5
624.000;1646219241414034.8
624.000;1646219242117196.0
622.000;1646219248972866.8
622.000;1646219253103769.2
624.000;1646219256379672.2
622.000;1646219256688349.5
622.000;1646219256786752.5
621.000;1646219256971900.5
622.000;1646219258017286.8
619.000;1646219260153548.8
624.000;1646219260261147.2
620.000;1646219260486208.5
621.000;1646219261939619.5
619.000;1646219262128347.0
620.000;1646219275723165.5
624.000;1646219287020464.8
625.000;1646219294608934.5
624.000;1646219309076170.2
624.000;1646219318547388.5
624.000;1646219319062809.5
625.000;1646219326562265.8
621.000;1646219327596100.8
622.000;1646219358124961.2
626.000;1646219368510081.5
626.000;1646219386558172.2
626.000;1646219393542489.2
628.000;1646219393780887.8
629.000;1646219417394519.2
629.000;1646219419014162.8
632.000;1646219439586490.5
632.000;1646219440569386.0
632.000;1646219443056622.2
632.000;1646219453558024.8
633.000;1646219455581657.2
633.000;1646219455804193.2
634.000;1646219465794036.0
633.000;1646219466105622.2
634.000;1646219468512978.2
634.000;1646219471586066.5
636.000;1646219473836074.8
634.000;1646219474783331.2
634.000;1646219475089966.5
634.000;1646219475760795.2
634.000;1646219477117277.5
634.000;1646219477981007.0
634.000;1646219479191718.2
636.000;1646219482687726.5
633.000;1646219482861895.2
633.000;1646219484870140.0
634.000;1646219485636169.5
636.000;1646219486561749.2
634.000;1646219493572980.0
634.000;1646219505551655.0
633.000;1646219508078079.5
633.000;1646219509527403.5
633.000;1646219512575518.8
632.000;1646219513083723.5
633.000;1646219514537182.8
633.000;1646219515099110.0
634.000;1646219516554348.2
633.000;1646219517884154.8
633.000;1646219526135311.5
632.000;1646219527365044.2
632.000;1646219527711509.2
632.000;1646219528090283.0
633.000;1646219530563844.8
631.000;1646219535210919.5
631.000;1646219536435683.2
633.000;1646219538209579.8
632.000;1646219538524097.2
629.000;1646219539025305.5
630.000;1646219540052940.8
630.000;1646219540414777.2
630.000;1646219546394949.8
630.000;1646219546696295.8
629.000;1646219563581082.8
630.000;1646219564539298.5
628.000;1646219565381275.2
629.000;1646219565939136.2
630.000;1646219570218244.0
628.000;1646219570646591.5
629.000;1646219576882932.8
627.000;1646219580668575.0
628.000;1646219583068555.2
627.000;1646219583582271.5
629.000;1646219590812879.0
628.000;1646219592960359.0
626.000;1646219597646035.8
628.000;1646219600351486.8
626.000;1646219626069452.2
626.000;1646219634584785.2
626.000;1646219639085635.2
625.000;1646219643586958.8
624.000;1646219655147247.2
624.000;1646219657524724.0
625.000;1646219658675407.8
627.000;1646219659451315.5
626.000;1646219659658059.2
622.000;1646219660340290.2
625.000;1646219667336531.5
624.000;1646219689825098.5
624.000;1646219691460391.8
624.000;1646219693046188.2
626.000;1646219693728691.8
624.000;1646219697575887.2
625.000;1646219700023865.2
624.000;1646219700510954.0
625.000;1646219709107104.8
625.000;1646219709591028.2
624.000;1646219711095271.0
622.000;1646219714809673.2
622.000;1646219717391869.2
622.000;1646219718125199.0
624.000;1646219718645633.8
624.000;1646219720138585.2
624.000;1646219720475891.5
625.000;1646219721281550.0
624.000;1646219724230441.0
626.000;1646219725303031.2
626.000;1646219725687033.0
625.000;1646219729523508.2
627.000;1646219730743454.2
622.000;1646219732150417.8
624.000;1646219732522311.8
624.000;1646219734778766.8
622.000;1646219735428592.2
624.000;1646219738585102.5
626.000;1646219740492302.0
624.000;1646219747990721.2
622.000;1646219754241552.2
622.000;1646219760136060.0
622.000;1646219760378058.8
624.000;1646219760471364.0
621.000;1646219760661225.0
622.000;1646219760751245.2
620.000;1646219760940612.0
622.000;1646219761175244.2
624.000;1646219761275390.2
625.000;1646219761707643.0
622.000;1646219761789328.2
625.000;1646219761876817.2
624.000;1646219762070015.2
622.000;1646219762306669.5
622.000;1646219762440609.5
624.000;1646219762538094.2
622.000;1646219762628963.2
624.000;1646219762725298.8
622.000;1646219762815545.8
622.000;1646219763145476.0
625.000;1646219764333893.5
625.000;1646219764967650.5
622.000;1646219766328210.5
626.000;1646219771033104.2
627.000;1646219772345777.5
627.000;1646219772538099.8
627.000;1646219775063079.5
628.000;1646219776750671.0
628.000;1646219777016305.5
629.000;1646219779850157.0
630.000;1646219783162988.2
639.000;1646219797553667.0
642.000;1646219806181224.8
648.000;1646219813118164.5
655.000;1646219822531922.0
654.000;1646219823565238.5
658.000;1646219830077520.8
658.000;1646219834889318.8
661.000;1646219836082000.0
660.000;1646219836846674.2
661.000;1646219837686856.0
662.000;1646219838955324.2
665.000;1646219841768789.5
666.000;1646219848287600.0
663.000;1646219848477323.8
666.000;1646219848718178.8
666.000;1646219849274227.0
669.000;1646219858183105.2
675.000;1646219874479843.8
674.000;1646219876003521.0
674.000;1646219876198330.2
675.000;1646219876639486.2
676.000;1646219877840061.2
677.000;1646219882568186.8
678.000;1646219894861179.5
676.000;1646219897791010.0
677.000;1646219899336638.2
672.000;1646219932852987.8
672.000;1646219932976872.2
669.000;1646219939465129.8
669.000;1646219940584748.8
667.000;1646219941054594.5
667.000;1646219946158968.5
667.000;1646219946536680.8
667.000;1646219949033623.2
666.000;1646219950118675.8
664.000;1646219956580790.8
664.000;1646219960420782.0
665.000;1646219961109305.5
664.000;1646219963585065.0
660.000;1646219975210763.2
654.000;1646219999301982.8
655.000;1646219999911632.2
654.000;1646220000854758.0
654.000;1646220007082707.2
653.000;1646220007603902.8
652.000;1646220009575580.8
653.000;1646220011076021.8
653.000;1646220014591721.5
652.000;1646220016598895.8
651.000;1646220019711946.2
649.000;1646220023595291.2
649.000;1646220025109879.0
648.000;1646220025619423.0
649.000;1646220026604337.2
645.000;1646220044359999.2
642.000;1646220067613168.2
640.000;1646220069581072.8
639.000;1646220071080398.8
640.000;1646220075597201.2
640.000;1646220076750405.0
638.000;1646220077671841.5
639.000;1646220080408317.0
639.000;1646220083092449.8
639.000;1646220085889392.8
638.000;1646220087501691.2
639.000;1646220088567680.5
638.000;1646220088654445.0
639.000;1646220089089213.5
636.000;1646220090308680.0
637.000;1646220105610453.0
636.000;1646220110991926.8
636.000;1646220111510944.5
636.000;1646220114992913.2
634.000;1646220115073687.2
634.000;1646220115207910.5
634.000;1646220115536344.8
634.000;1646220116753088.8
637.000;1646220117807165.8
634.000;1646220126150248.0
634.000;1646220135060720.5
634.000;1646220139339694.2
633.000;1646220141127189.2
632.000;1646220141356247.5
632.000;1646220141425462.5
634.000;1646220141426437.5
633.000;1646220141427533.5
633.000;1646220141685135.5
634.000;1646220145766444.5
634.000;1646220146667145.8
633.000;1646220146804727.0
633.000;1646220148075029.2
633.000;1646220150089996.8
633.000;1646220153097921.2
632.000;1646220174936857.5
630.000;1646220194105021.0
633.000;1646220197657335.5
633.000;1646220198504901.0
634.000;1646220198861476.0
633.000;1646220199702540.0
634.000;1646220201605224.5
632.000;1646220202154198.5
634.000;1646220203048423.0
634.000;1646220210119878.2
636.000;1646220212708255.0
636.000;1646220214646998.0
636.000;1646220216449854.5
636.000;1646220219259492.5
637.000;1646220223150239.2
637.000;1646220223477759.0
636.000;1646220225632841.0
638.000;1646220227695461.8
637.000;1646220228164259.2
636.000;1646220228585895.2
637.000;1646220230414426.0
639.000;1646220231554601.0
637.000;1646220234116833.8
639.000;1646220234633050.2
638.000;1646220235437349.2
638.000;1646220238007607.0
637.000;1646220241336180.5
640.000;1646220241899245.5
639.000;1646220244054789.5
640.000;1646220247148705.0
639.000;1646220249726465.2
640.000;1646220256580146.2
642.000;1646220256886615.0
642.000;1646220258141270.2
641.000;1646220258687864.2
641.000;1646220259037575.0
641.000;1646220259707229.0
641.000;1646220260968898.8
640.000;1646220261126375.2
640.000;1646220261868299.0
641.000;1646220263664255.2
643.000;1646220264727320.8
641.000;1646220267268801.0
642.000;1646220267771996.2
643.000;1646220269523672.8
642.000;1646220270092412.5
643.000;1646220272410560.8
643.000;1646220272927310.8
644.000;1646220273691548.5
644.000;1646220276091371.0
642.000;1646220276609464.8
642.000;1646220276712831.5
644.000;1646220276953227.5
644.000;1646220278499181.2
642.000;1646220278836862.8
643.000;1646220280883800.5
642.000;1646220280914015.0
643.000;1646220280915683.0
642.000;1646220281881500.8
644.000;1646220282781971.5
644.000;1646220283207894.2
643.000;1646220283368876.2
644.000;1646220285299097.5
644.000;1646220285463176.2
644.000;1646220285605950.2
643.000;1646220286386349.8
645.000;1646220286722180.2
644.000;1646220288432340.8
644.000;1646220290428865.0
645.000;1646220294466297.8
644.000;1646220294736574.2
645.000;1646220295878538.2
645.000;1646220297044448.2
646.000;1646220297312848.5
645.000;1646220297928314.8
645.000;1646220298113259.5
645.000;1646220298397801.2
644.000;1646220299006578.5
644.000;1646220299379035.2
645.000;1646220299566120.8
645.000;1646220300037912.2
644.000;1646220300129937.5
645.000;1646220300692630.2
644.000;1646220301256701.5
646.000;1646220301353811.5
645.000;1646220301772871.5
648.000;1646220302286529.2
646.000;1646220303554194.8
646.000;1646220303646157.8
646.000;1646220303882217.8
645.000;1646220304583950.8
644.000;1646220305150233.2
646.000;1646220306270934.8
645.000;1646220306785783.8
645.000;1646220308428818.0
646.000;1646220309692242.0
646.000;1646220309975859.5
646.000;1646220310208512.0
645.000;1646220310584535.8
646.000;1646220311240149.0
645.000;1646220311521891.0
648.000;1646220311709701.8
646.000;1646220311804354.8
646.000;1646220312787502.0
648.000;1646220313445961.5
646.000;1646220315129685.8
648.000;1646220316160875.2
646.000;1646220316584403.5
648.000;1646220316983939.5
648.000;1646220318006339.5
649.000;1646220319231100.0
648.000;1646220319895277.2
648.000;1646220323655642.2
646.000;1646220324614042.2
648.000;1646220326587617.0
646.000;1646220327277005.8
648.000;1646220328075013.8
649.000;1646220335106477.5
648.000;1646220339617487.5
646.000;1646220341121232.2
652.000;1646220341957066.2
649.000;1646220346777390.5
651.000;1646220361642246.0
650.000;1646220374716704.0
649.000;1646220374808813.8
650.000;1646220376224333.2
652.000;1646220377031578.5
653.000;1646220377691262.5
653.000;1646220378009121.5
653.000;1646220378317000.5
652.000;1646220379557440.2
653.000;1646220379759563.2
653.000;1646220381101168.5
652.000;1646220390575570.0
652.000;1646220391088879.2
653.000;1646220405628958.5
652.000;1646220407910382.8
653.000;1646220431081000.0
653.000;1646220431654081.5
655.000;1646220431871388.2
654.000;1646220437136250.2
653.000;1646220437425155.2
655.000;1646220437671004.2
652.000;1646220441019372.8
654.000;1646220445429486.8
655.000;1646220446186238.0
653.000;1646220446424444.5
655.000;1646220446895299.5
656.000;1646220447335726.5
655.000;1646220461576767.0
656.000;1646220465092563.5
654.000;1646220466600839.8
655.000;1646220469595802.8
656.000;1646220484641463.8
655.000;1646220496591089.5
655.000;1646220497657447.0
655.000;1646220497822373.0
656.000;1646220498666044.8
658.000;1646220499329987.0
655.000;1646220499673602.0
655.000;1646220500381394.5
656.000;1646220516588836.5
658.000;1646220523659823.5
655.000;1646220524606937.0
658.000;1646220528111699.8
656.000;1646220532619691.2
657.000;1646220533408927.0
656.000;1646220543590676.0
657.000;1646220546299199.0
656.000;1646220547688355.2
657.000;1646220548721938.8
656.000;1646220550267640.5
656.000;1646220552194351.5
656.000;1646220552530373.0
657.000;1646220554601752.8
657.000;1646220554790516.8
658.000;1646220555544015.0
657.000;1646220558063090.0
658.000;1646220559968398.8
658.000;1646220560319107.2
660.000;1646220566560094.0
655.000;1646220575588326.8
655.000;1646220579633850.8
654.000;1646220583092648.5
655.000;1646220584902976.8
654.000;1646220588043694.2
653.000;1646220595132677.8
654.000;1646220597427162.5
645.000;1646220612684162.8
646.000;1646220618679377.0
646.000;1646220624561118.8
648.000;1646220624943007.0
645.000;1646220625506544.5
643.000;1646220641615635.5
643.000;1646220643030825.2
643.000;1646220643551214.0
643.000;1646220644520975.2
643.000;1646220648694296.5
643.000;1646220649218239.2
642.000;1646220649366867.8
642.000;1646220649488036.0
640.000;1646220657478521.8
640.000;1646220658534880.2
642.000;1646220658856082.8
642.000;1646220663366132.5
639.000;1646220664043671.5
639.000;1646220667721859.5
639.000;1646220668234559.8
639.000;1646220673512727.0
638.000;1646220676853909.5
640.000;1646220677026263.8
639.000;1646220677985246.5
637.000;1646220679038976.5
637.000;1646220679748306.2
639.000;1646220680427950.0
639.000;1646220681769705.8
637.000;1646220682931213.5
637.000;1646220686873761.2
636.000;1646220691081417.0
636.000;1646220694794043.2
638.000;1646220697103899.0
636.000;1646220698563375.5
637.000;1646220699008372.5
636.000;1646220704427565.2
636.000;1646220704716713.0
636.000;1646220704795121.0
636.000;1646220706015610.2
637.000;1646220708073638.5
634.000;1646220709534597.2
637.000;1646220709857476.5
633.000;1646220721441212.0
633.000;1646220721687388.0
633.000;1646220729240625.8
634.000;1646220731855817.0
633.000;1646220734903295.2
632.000;1646220736857574.0
633.000;1646220737162388.8
632.000;1646220737408192.0
632.000;1646220738497601.5
632.000;1646220739034395.8
632.000;1646220739220073.0
633.000;1646220739566935.8
631.000;1646220739749355.5
632.000;1646220740233953.0
630.000;1646220746661645.0
629.000;1646220761183275.0
628.000;1646220766543746.0
629.000;1646220772220921.0
629.000;1646220793582605.5
627.000;1646220794021127.0
629.000;1646220795010800.8
628.000;1646220799750926.5
627.000;1646220800436955.5
628.000;1646220805132560.8
627.000;1646220822567317.5
626.000;1646220826551469.0
627.000;1646220831620498.5
625.000;1646220831764637.5
625.000;1646220832572353.5
627.000;1646220832647991.0
627.000;1646220835551556.0
627.000;1646220836067809.8
626.000;1646220839488153.0
626.000;1646220839591458.2
628.000;1646220840193707.8
626.000;1646220841049710.0
625.000;1646220844082552.0
626.000;1646220844996764.5
626.000;1646220846540957.5
626.000;1646220847925778.8
627.000;1646220850830958.5
626.000;1646220855049960.0
627.000;1646220857033525.5
627.000;1646220858019557.0
627.000;1646220859254002.5
627.000;1646220859780891.5
628.000;1646220860291846.8
626.000;1646220863937191.2
629.000;1646220882768919.5
631.000;1646220897541290.8
632.000;1646220902741634.0
632.000;1646220907565031.0
632.000;1646220910129204.5
632.000;1646220912162673.0
634.000;1646220917273557.2
632.000;1646220917431652.2
633.000;1646220918169092.5
634.000;1646220919211064.5
634.000;1646220919575993.8
634.000;1646220920448840.8
634.000;1646220927822519.0
634.000;1646220933958234.2
634.000;1646220936208809.0
636.000;1646220938827111.5
634.000;1646220943992605.8
637.000;1646220956497329.8
639.000;1646220960528808.0
640.000;1646220963487210.8
637.000;1646220972021939.0
637.000;1646220977685926.5
638.000;1646220978337759.5
636.000;1646220980082775.8
634.000;1646220980279928.2
637.000;1646221012963285.0
634.000;1646221013650616.0
637.000;1646221016531755.5
633.000;1646221018552369.2
634.000;1646221022026950.8
633.000;1646221022548718.0
634.000;1646221024308443.2
634.000;1646221027602087.2
631.000;1646221033131075.2
633.000;1646221034041245.2
632.000;1646221035021946.8
629.000;1646221036041964.5
630.000;1646221037259848.5
632.000;1646221038180594.0
633.000;1646221040762821.2
633.000;1646221042698851.0
633.000;1646221043656248.0
629.000;1646221084623099.2
630.000;1646221086052043.2
628.000;1646221091069759.2
629.000;1646221091710767.0
627.000;1646221097302991.0
628.000;1646221097825873.5
628.000;1646221098172603.8
628.000;1646221098862758.5
627.000;1646221104485041.2
625.000;1646221122547285.2
626.000;1646221125254227.5
625.000;1646221148519736.8
625.000;1646221149993457.0
626.000;1646221152700705.5
624.000;1646221156873495.2
625.000;1646221157140839.2
625.000;1646221158198243.2
626.000;1646221159051291.2
626.000;1646221159247903.5
624.000;1646221161513322.8
625.000;1646221163016610.5
624.000;1646221167091352.2
625.000;1646221167812920.8
620.000;1646221182260139.5
624.000;1646221192009673.5
625.000;1646221192620991.2
624.000;1646221204005134.2
622.000;1646221205095997.8
624.000;1646221205796544.8
624.000;1646221206175161.0
622.000;1646221206630035.0
624.000;1646221208424315.0
624.000;1646221208507837.2
622.000;1646221211649667.2
625.000;1646221211982754.5
625.000;1646221212261866.0
626.000;1646221216993546.5
625.000;1646221217164343.0
624.000;1646221218526473.5
626.000;1646221218889792.8
627.000;1646221257549654.2
626.000;1646221259269493.2
627.000;1646221259447913.0
628.000;1646221260552936.8
629.000;1646221262504718.5
628.000;1646221262716869.0
628.000;1646221263080959.5
627.000;1646221263549817.5
629.000;1646221264296903.2
628.000;1646221264487753.2
629.000;1646221265090974.0
628.000;1646221265606304.5
628.000;1646221265979842.2
627.000;1646221267228516.8
629.000;1646221267491022.5
629.000;1646221268986814.2
629.000;1646221269905025.0
628.000;1646221270007365.0
629.000;1646221270455430.8
628.000;1646221270611468.5
629.000;1646221270797498.5
628.000;1646221271458572.5
629.000;1646221271716768.5
629.000;1646221271955350.0
629.000;1646221274446648.2
628.000;1646221275008029.2
630.000;1646221277804978.8
630.000;1646221278000633.8
630.000;1646221279055249.0
628.000;1646221280254552.8
632.000;1646221283022138.0
628.000;1646221289022495.8
632.000;1646221289491993.0
632.000;1646221291816372.8
633.000;1646221325431459.0
632.000;1646221335052529.8
632.000;1646221337168034.2
632.000;1646221338694373.0
630.000;1646221339199343.2
633.000;1646221340097461.5
631.000;1646221340456119.0
629.000;1646221346564628.5
632.000;1646221346687331.8
632.000;1646221347964258.2
629.000;1646221353960866.5
628.000;1646221370121199.0
628.000;1646221370375304.2
628.000;1646221370967184.8
628.000;1646221371283938.2
628.000;1646221374951708.0
631.000;1646221376915567.8
631.000;1646221379538246.8
629.000;1646221392940895.8
628.000;1646221397175689.8
628.000;1646221401445772.8
628.000;1646221403462040.5
628.000;1646221405472538.0
628.000;1646221405704630.2
629.000;1646221406457845.8
627.000;1646221406549198.0
628.000;1646221407482859.5
628.000;1646221407973888.5
630.000;1646221408479611.5
627.000;1646221408709016.8
629.000;1646221408889221.8
628.000;1646221409361801.8
629.000;1646221409560586.2
628.000;1646221409832870.0
628.000;1646221411478432.2
627.000;1646221413504141.8
628.000;1646221414942303.0
627.000;1646221416435582.2
627.000;1646221419577281.0
626.000;1646221424496831.8
626.000;1646221424590267.5
628.000;1646221435136530.5
626.000;1646221445389115.5
627.000;1646221459896800.5
626.000;1646221468485475.5
625.000;1646221495761337.2
625.000;1646221503502542.2
622.000;1646221507531445.0
624.000;1646221508669769.5
621.000;1646221510585549.5
625.000;1646221516999876.5
624.000;1646221517170556.0
624.000;1646221517682718.8
624.000;1646221518362112.8
625.000;1646221518887513.2
628.000;1646221519055092.5
622.000;1646221519545221.5
627.000;1646221520536093.8
624.000;1646221525460415.5
624.000;1646221525925000.5
626.000;1646221528924891.0
625.000;1646221543097746.8
626.000;1646221566728488.2
626.000;1646221571119134.5
626.000;1646221576895005.8
625.000;1646221577030084.0
625.000;1646221577419156.2
627.000;1646221577818237.0
626.000;1646221578015430.5
625.000;1646221578679534.5
627.000;1646221579687918.2
626.000;1646221583996764.8
627.000;1646221585497081.2
627.000;1646221589957153.0
625.000;1646221591498677.8
627.000;1646221593293377.8
626.000;1646221594479787.2
628.000;1646221600286656.5
627.000;1646221601663675.0
627.000;1646221602163844.0
627.000;1646221604610881.8
628.000;1646221604842491.2
627.000;1646221605284121.0
629.000;1646221606120056.2
628.000;1646221606330597.2
629.000;1646221606497533.2
627.000;1646221607144601.8
630.000;1646221624101875.0
629.000;1646221631122482.2
632.000;1646221631597603.0
632.000;1646221637002493.2
630.000;1646221638191925.0
632.000;1646221639345634.0
631.000;1646221639868220.5
632.000;1646221647323460.2
632.000;1646221648776462.2
633.000;1646221652530915.0
632.000;1646221656100152.8
634.000;1646221656813720.0
633.000;1646221657094954.5
630.000;1646221662497932.5
632.000;1646221663008380.8
633.000;1646221663996098.5
633.000;1646221664414455.5
633.000;1646221665496187.8
632.000;1646221666574263.2
633.000;1646221668028408.0
633.000;1646221668589599.2
633.000;1646221669056760.0
633.000;1646221669991935.0
633.000;1646221672151243.5
636.000;1646221673134486.2
636.000;1646221674918872.0
633.000;1646221675854174.2
634.000;1646221676649837.0
633.000;1646221677472936.0
636.000;1646221677703691.0
636.000;1646221677917991.8
633.000;1646221679622570.5
636.000;1646221684088527.0
634.000;1646221684262998.5
634.000;1646221684546474.2
636.000;1646221685220629.0
632.000;1646221695411004.5
632.000;1646221695898361.8
634.000;1646221698374718.0
634.000;1646221699540765.2
630.000;1646221700239175.2
632.000;1646221701746948.5
633.000;1646221702216163.8
633.000;1646221704700611.2
632.000;1646221707372736.8
632.000;1646221708216677.0
630.000;1646221708405081.0
633.000;1646221709528484.8
631.000;1646221711968710.5
633.000;1646221712670170.5
633.000;1646221713748517.0
634.000;1646221713936102.5
634.000;1646221714558323.8
632.000;1646221715023359.0
632.000;1646221715996920.0
633.000;1646221717639397.0
632.000;1646221717829066.2
632.000;1646221720921228.0
633.000;1646221722470870.5
630.000;1646221723404726.5
633.000;1646221724201932.0
632.000;1646221724491777.5
632.000;1646221724623945.2
632.000;1646221724766520.0
634.000;1646221725045664.5
632.000;1646221726692494.5
633.000;1646221727060798.2
633.000;1646221727249866.5
630.000;1646221727562977.0
632.000;1646221728528107.2
630.000;1646221729733405.8
633.000;1646221730296283.2
631.000;1646221732171436.5
632.000;1646221732548248.5
633.000;1646221733015855.0
631.000;1646221734561450.8
633.000;1646221735361009.0
630.000;1646221735829151.8
629.000;1646221736531489.2
631.000;1646221738172462.5
632.000;1646221738880026.2
631.000;1646221739249078.8
630.000;1646221739579296.0
631.000;1646221742814197.5
631.000;1646221744266788.8
630.000;1646221753094535.8
630.000;1646221753614968.5
630.000;1646221755125694.0
630.000;1646221755404446.8
629.000;1646221756113186.5
631.000;1646221757019451.5
630.000;1646221758346543.5
630.000;1646221759747560.5
630.000;1646221764869528.2
629.000;1646221765306363.8
630.000;1646221769318418.0
630.000;1646221769516819.5
632.000;1646221770431589.5
628.000;1646221772008932.0
630.000;1646221772314647.2
628.000;1646221773714832.0
628.000;1646221774510260.2
628.000;1646221775730324.5
629.000;1646221776057110.5
630.000;1646221778061766.8
629.000;1646221778337803.5
629.000;1646221780720982.5
629.000;1646221781574148.5
630.000;1646221782548364.2
630.000;1646221782887348.5
628.000;1646221786998466.8
628.000;1646221788462294.0
628.000;1646221789539567.8
630.000;1646221790528384.5
628.000;1646221792569559.5
629.000;1646221796300603.5
628.000;1646221816554428.5
628.000;1646221817818788.8
628.000;1646221818348862.2
629.000;1646221819908167.5
628.000;1646221820465921.8
629.000;1646221821319271.5
627.000;1646221827501512.5
627.000;1646221829940766.0
629.000;1646221833321969.2
629.000;1646221835221427.8
629.000;1646221835552283.5
628.000;1646221835714168.0
628.000;1646221835849338.8
628.000;1646221836376626.2
629.000;1646221836500401.8
627.000;1646221836825534.2
627.000;1646221837480518.0
627.000;1646221838403213.5
627.000;1646221839214100.5
626.000;1646221839322391.0
628.000;1646221842456999.0
627.000;1646221842470925.8
627.000;1646221842471825.5
626.000;1646221842630108.5
626.000;1646221842631199.8
626.000;1646221842698272.8
628.000;1646221849035619.0
628.000;1646221849827094.5
626.000;1646221853153322.5
628.000;1646221855099890.0
627.000;1646221857183868.0
628.000;1646221860101678.8
628.000;1646221860279466.5
627.000;1646221861133258.8
627.000;1646221861470690.2
627.000;1646221861908702.0
628.000;1646221868470008.8
628.000;1646221872447354.5
627.000;1646221873001949.8
626.000;1646221887663614.2
627.000;1646221898459552.5
626.000;1646221901833858.2
626.000;1646221905681573.2
626.000;1646221906605045.8
627.000;1646221907632259.8
626.000;1646221907997344.8
625.000;1646221908482786.2
625.000;1646221909360378.5
626.000;1646221909525061.2
625.000;1646221910328227.8
626.000;1646221910452450.8
624.000;1646221910613555.5
625.000;1646221918062495.2
625.000;1646221927489057.0
626.000;1646221932365516.0
625.000;1646221935090033.2
624.000;1646221936902853.2
626.000;1646221939062280.0
624.000;1646221962649534.8
625.000;1646221963011558.8
625.000;1646221963094008.2
625.000;1646221963094490.8
622.000;1646221963396769.0
624.000;1646221964920804.8
624.000;1646221965882840.8
622.000;1646221967196450.2
622.000;1646221968268464.8
622.000;1646221970633606.0
625.000;1646221970855418.5
624.000;1646221971516108.5
621.000;1646221973032912.8
624.000;1646221976032076.2
622.000;1646221977735261.8
622.000;1646221978296822.8
626.000;1646221998190806.5
628.000;1646222005410602.5
628.000;1646222007765706.8
625.000;1646222008450646.2
628.000;1646222011720099.5
631.000;1646222015206257.5
629.000;1646222015992070.8
632.000;1646222022523679.2
634.000;1646222028017349.0
636.000;1646222030742255.0
634.000;1646222031005681.0
634.000;1646222031465941.2
636.000;1646222031627683.2
637.000;1646222034866390.2
636.000;1646222036501715.8
637.000;1646222037124892.5
637.000;1646222037871141.8
638.000;1646222038511346.0
641.000;1646222045500057.8
644.000;1646222057047357.0
645.000;1646222057418461.2
645.000;1646222059755155.5
646.000;1646222063270727.8
648.000;1646222066084823.2
648.000;1646222070912178.0
652.000;1646222074393531.0
649.000;1646222074897108.0
654.000;1646222078881841.2
653.000;1646222079394463.2
653.000;1646222080146102.5
654.000;1646222088260337.2
655.000;1646222089761103.0
655.000;1646222093943513.8
658.000;1646222095522658.2
658.000;1646222097027240.8
661.000;1646222098529273.2
658.000;1646222102367987.2
662.000;1646222109554632.5
662.000;1646222110050800.8
662.000;1646222110532623.8
663.000;1646222112900037.8
661.000;1646222113005613.2
662.000;1646222118027999.8
661.000;1646222118561908.8
658.000;1646222119222971.5
661.000;1646222119565713.2
660.000;1646222121070556.2
661.000;1646222123790140.8
658.000;1646222129101503.8
660.000;1646222129494011.0
660.000;1646222130030659.8
662.000;1646222130130500.5
658.000;1646222130251050.8
658.000;1646222130665472.2
658.000;1646222133805283.0
658.000;1646222133822483.2
660.000;1646222133823297.0
660.000;1646222134046466.5
657.000;1646222134795578.2
661.000;1646222135077308.0
660.000;1646222135170586.2
657.000;1646222135733901.0
657.000;1646222136296974.8
658.000;1646222136764483.2
658.000;1646222136858696.0
658.000;1646222136954157.5
658.000;1646222137046401.2
657.000;1646222137420588.0
658.000;1646222137514245.8
661.000;1646222137608477.5
658.000;1646222139576824.0
660.000;1646222140093937.2
660.000;1646222140701705.0
657.000;1646222143564573.2
657.000;1646222145109279.2
656.000;1646222146750226.5
657.000;1646222149515588.5
655.000;1646222149983655.8
658.000;1646222150170989.0
655.000;1646222151013439.0
655.000;1646222151765363.5
655.000;1646222152047490.8
656.000;1646222152514022.8
656.000;1646222152795523.2
654.000;1646222152888201.8
657.000;1646222152984340.8
655.000;1646222153596640.2
656.000;1646222154997932.8
655.000;1646222155467046.8
655.000;1646222155567459.5
655.000;1646222155983570.5
655.000;1646222156779026.2
656.000;1646222156969321.5
653.000;1646222157497604.8
655.000;1646222158420042.8
654.000;1646222158793221.0
656.000;1646222158982016.8
654.000;1646222160014631.5
654.000;1646222160106770.0
654.000;1646222160530759.8
655.000;1646222161047345.2
655.000;1646222161986826.5
653.000;1646222164521513.5
654.000;1646222164982630.8
656.000;1646222165075052.8
653.000;1646222166530477.0
653.000;1646222167327396.0
653.000;1646222167841239.8
654.000;1646222170517043.0
653.000;1646222170984592.8
651.000;1646222171543599.8
652.000;1646222172486070.5
652.000;1646222173516931.5
652.000;1646222173983266.8
652.000;1646222174504926.2
651.000;1646222174824894.0
652.000;1646222175168300.2
652.000;1646222175386606.0
652.000;1646222175484683.8
652.000;1646222177294775.8
651.000;1646222177309239.8
649.000;1646222177567169.8
650.000;1646222178159426.5
651.000;1646222179760650.8
651.000;1646222179773142.0
651.000;1646222180078814.8
652.000;1646222180507290.0
648.000;1646222186388814.8
644.000;1646222210676010.0
644.000;1646222214764171.8
644.000;1646222219514324.2
643.000;1646222224009106.8
641.000;1646222237310758.0
639.000;1646222237440671.8
639.000;1646222238023818.8
640.000;1646222238204282.8
639.000;1646222238381353.8
642.000;1646222238718065.0
640.000;1646222239335241.2
641.000;1646222239526596.2
640.000;1646222240028982.8
637.000;1646222262703671.2
638.000;1646222263548547.0
637.000;1646222264317166.8
637.000;1646222265845477.5
637.000;1646222266365439.0
636.000;1646222269969587.2
638.000;1646222272500323.0
637.000;1646222272827804.2
637.000;1646222273156512.0
639.000;1646222276013726.8
636.000;1646222278499965.0
637.000;1646222279672960.5
633.000;1646222280582756.2
634.000;1646222284036702.2
634.000;1646222285456398.5
637.000;1646222286518512.0
634.000;1646222287030149.0
634.000;1646222292516487.8
636.000;1646222300283303.8
636.000;1646222306738790.8
631.000;1646222326479193.0
632.000;1646222335197845.0
631.000;1646222335275922.0
629.000;1646222346524096.2
629.000;1646222350027024.8
629.000;1646222352016063.8
630.000;1646222356507765.8
629.000;1646222357317564.8
631.000;1646222357572482.5
628.000;1646222359881796.5
630.000;1646222360370177.8
629.000;1646222361137662.2
629.000;1646222361465215.2
629.000;1646222361602960.2
629.000;1646222408049031.0
628.000;1646222408608014.5
628.000;1646222408981403.8
626.000;1646222409078182.2
628.000;1646222409595815.0
627.000;1646222410062962.0
627.000;1646222412081049.0
628.000;1646222413576436.2
626.000;1646222414560162.8
628.000;1646222418878711.2
627.000;1646222419680069.2
629.000;1646222420373156.0
627.000;1646222423101899.0
627.000;1646222426894898.8
629.000;1646222428583437.2
640.000;1646222470594845.0
642.000;1646222472105413.2
643.000;1646222477547906.5
644.000;1646222479317687.0
646.000;1646222481579469.2
644.000;1646222482094800.0
645.000;1646222484594931.5
646.000;1646222486094577.2
648.000;1646222486311977.2
645.000;1646222486610668.5
648.000;1646222487263113.5
646.000;1646222488613378.8
648.000;1646222490717889.5
648.000;1646222493810224.2
649.000;1646222494983098.5
649.000;1646222495263971.5
650.000;1646222498592115.8
658.000;1646222516733161.0
658.000;1646222517715659.5
662.000;1646222526096237.0
657.000;1646222526959876.0
655.000;1646222536482041.5
656.000;1646222540546653.5
656.000;1646222542148351.5
658.000;1646222543130479.8
656.000;1646222548147972.0
657.000;1646222550310810.8
655.000;1646222559214596.2
653.000;1646222563207961.0
653.000;1646222568640709.8
652.000;1646222570892708.0
648.000;1646222575351638.8
646.000;1646222579188586.5
644.000;1646222597057633.5
644.000;1646222597554168.0
643.000;1646222609045665.8
644.000;1646222609456047.2
642.000;1646222609740788.5
644.000;1646222609972815.2
641.000;1646222616076300.5
643.000;1646222617573346.0
642.000;1646222618091236.0
640.000;1646222651094110.8
636.000;1646222657148430.0
636.000;1646222665135206.8
637.000;1646222667615120.5
634.000;1646222671181401.2
637.000;1646222673896360.2
636.000;1646222675367278.5
637.000;1646222675587018.8
636.000;1646222677084563.0
633.000;1646222678119915.2
636.000;1646222679113883.2
634.000;1646222679614446.0
637.000;1646222683459822.8
632.000;1646222693305768.2
634.000;1646222695383211.0
637.000;1646222700852102.0
632.000;1646222702682362.2
633.000;1646222708120514.8
631.000;1646222716882811.0
632.000;1646222720776127.2
633.000;1646222722108256.0
629.000;1646222724596094.8
631.000;1646222733600249.8
632.000;1646222735391240.2
629.000;1646222738678264.8
629.000;1646222741576728.2
629.000;1646222747187688.8
629.000;1646222748751888.0
628.000;1646222757899774.0
628.000;1646222770994524.8
628.000;1646222771145300.2
628.000;1646222772975715.2
628.000;1646222772992926.8
628.000;1646222772993861.8
627.000;1646222775963159.2
627.000;1646222776105665.5
627.000;1646222776106486.5
628.000;1646222776293065.5
628.000;1646222776310391.2
625.000;1646222776311303.5
629.000;1646222776900042.8
629.000;1646222777147071.0
629.000;1646222777460160.5
628.000;1646222777685859.8
628.000;1646222777823170.8
628.000;1646222777997797.8
627.000;1646222778007218.8
625.000;1646222778007754.5
628.000;1646222778033184.2
631.000;1646222778514939.2
628.000;1646222778711464.2
628.000;1646222778893461.5
627.000;1646222779417462.2
629.000;1646222780079078.8
629.000;1646222780267367.2
629.000;1646222780276482.2
626.000;1646222780277497.8
628.000;1646222782619542.2
628.000;1646222784634249.0
628.000;1646222786556350.8
628.000;1646222801152138.8
628.000;1646222804162577.5
626.000;1646222807812162.2
627.000;1646222808137536.8
628.000;1646222817145945.0
627.000;1646222817640923.5
627.000;1646222823899005.0
626.000;1646222824123757.2
627.000;1646222824732250.0
628.000;1646222836784647.2
628.000;1646222837325273.8
627.000;1646222837844534.2
629.000;1646222840479166.8
628.000;1646222848659785.8
630.000;1646222849631312.5
629.000;1646222853133983.5
628.000;1646222854639935.0
629.000;1646222860769404.2
629.000;1646222862134358.8
629.000;1646222863252505.8
629.000;1646222865652404.2
628.000;1646222867091723.0
630.000;1646222867655773.5
628.000;1646222868643468.2
629.000;1646222871121303.2
630.000;1646222872387497.2
629.000;1646222873113220.5
631.000;1646222878826894.8
634.000;1646222918123226.0
634.000;1646222922624355.8
633.000;1646222926643108.0
634.000;1646222927123480.2
636.000;1646222927642786.8
633.000;1646222930125897.8
631.000;1646222931584134.8
633.000;1646222932096938.2
633.000;1646222935385154.8
634.000;1646222948260008.8
636.000;1646222955590636.2
634.000;1646222958574752.8
634.000;1646222959196062.2
634.000;1646222959406263.5
633.000;1646222959924879.0
633.000;1646222960064908.8
631.000;1646222960065837.2
632.000;1646222960438253.2
631.000;1646222975640345.2
630.000;1646222979007370.5
629.000;1646222980634103.8
629.000;1646222987150778.8
631.000;1646222995420366.0
629.000;1646222995605293.0
632.000;1646222996070014.2
629.000;1646222996444422.2
629.000;1646222996731940.8
629.000;1646222997099363.5
630.000;1646222999260438.0
629.000;1646223000350545.2
630.000;1646223007478923.8
629.000;1646223016929551.2
630.000;1646223019380579.2
629.000;1646223019763300.0
629.000;1646223020474113.0
630.000;1646223020541750.2
631.000;1646223020823570.8
628.000;1646223021339868.8
629.000;1646223027993686.0
628.000;1646223028747961.5
627.000;1646223035411125.8
628.000;1646223036626948.0
629.000;1646223037096300.8
630.000;1646223040699960.8
628.000;1646223042853966.2
631.000;1646223043556842.2
628.000;1646223043790006.8
628.000;1646223044120001.5
630.000;1646223045110184.2
628.000;1646223046043793.2
628.000;1646223046603622.0
629.000;1646223047375725.2
628.000;1646223048042164.8
628.000;1646223050908397.8
628.000;1646223052066151.8
628.000;1646223052672638.8
628.000;1646223052943731.8
628.000;1646223056664992.0
627.000;1646223057402893.2
626.000;1646223072691036.5
626.000;1646223077699462.5
626.000;1646223078403041.0
627.000;1646223079251537.0
627.000;1646223079772269.2
625.000;1646223080543932.5
622.000;1646223088547168.8
625.000;1646223094700862.0
626.000;1646223106138316.8
625.000;1646223111111639.5
624.000;1646223114649867.5
624.000;1646223137734742.8
621.000;1646223137830461.5
622.000;1646223139057666.0
625.000;1646223139416956.8
622.000;1646223140481323.5
624.000;1646223154066015.0
625.000;1646223163106197.2
622.000;1646223163204312.2
621.000;1646223177083314.2
624.000;1646223183693005.8
624.000;1646223192359902.2
624.000;1646223194376743.8
624.000;1646223198729235.5
624.000;1646223199063065.5
624.000;1646223206403940.5
621.000;1646223220255789.2
619.000;1646223227090239.5
620.000;1646223237076261.5
619.000;1646223241109246.8
618.000;1646223257705745.0
620.000;1646223258031663.2
617.000;1646223259416130.0
620.000;1646223287070943.5
618.000;1646223292382987.0
619.000;1646223293588602.2
619.000;1646223296080250.2
619.000;1646223300571666.5
619.000;1646223302073659.0
622.000;1646223308069345.0
616.000;1646223321360703.2
618.000;1646223326564787.0
618.000;1646223341329430.0
618.000;1646223341569860.0
619.000;1646223344522512.2
618.000;1646223347372799.8
619.000;1646223354595760.5
619.000;1646223367622846.8
618.000;1646223375078051.2
618.000;1646223378383767.8
617.000;1646223378746502.5
618.000;1646223379034794.5
617.000;1646223380237739.0
619.000;1646223380483220.0
618.000;1646223385083655.2
617.000;1646223386718664.2
619.000;1646223395633915.5
618.000;1646223396892218.2
619.000;1646223421150070.5
618.000;1646223421616219.8
618.000;1646223425485751.8
618.000;1646223429117441.0
619.000;1646223431676687.2
619.000;1646223434436512.2
618.000;1646223436126776.0
617.000;1646223436903221.0
620.000;1646223438371856.8
619.000;1646223438892555.2
618.000;1646223440073573.5
618.000;1646223440428125.0
618.000;1646223448687329.0
618.000;1646223449480493.2
619.000;1646223449808958.8
617.000;1646223451216091.8
618.000;1646223455494908.5
619.000;1646223458153548.0
619.000;1646223458247127.2
618.000;1646223458529925.8
619.000;1646223458725751.2
618.000;1646223458817838.2
618.000;1646223458909761.8
620.000;1646223459194659.5
620.000;1646223459840581.0
619.000;1646223461994785.8
618.000;1646223462233929.8
617.000;1646223462325964.8
617.000;1646223462476547.5
618.000;1646223462656325.5
618.000;1646223462748550.8
618.000;1646223468743025.5
619.000;1646223480106707.2
620.000;1646223487638015.0
619.000;1646223496593443.0
618.000;1646223497328818.8
620.000;1646223498037893.5
619.000;1646223498925292.2
616.000;1646223500041039.8
619.000;1646223500447129.2
620.000;1646223536957011.8
620.000;1646223543124636.2
619.000;1646223544679082.8
619.000;1646223552193489.2
619.000;1646223557333224.0
620.000;1646223558989349.5
619.000;1646223559539031.5
619.000;1646223560461163.0
619.000;1646223561611241.0
620.000;1646223562128944.8
620.000;1646223562650444.8
619.000;1646223563624334.5
620.000;1646223564302833.5
620.000;1646223564632997.0
619.000;1646223569297402.2
619.000;1646223575535726.5
619.000;1646223612023375.5
619.000;1646223617298365.5
619.000;1646223617462145.5
618.000;1646223617704187.2
617.000;1646223619746629.5
620.000;1646223620266832.0
619.000;1646223621347615.5
620.000;1646223675583594.2
622.000;1646223677570955.5
619.000;1646223677868206.2
619.000;1646223678742381.8
618.000;1646223679909148.2
621.000;1646223680434433.8
618.000;1646223680626876.2
620.000;1646223681815506.8
619.000;1646223682082661.5
619.000;1646223687101418.0
619.000;1646223687790470.5
619.000;1646223687928946.0
620.000;1646223688080584.8
617.000;1646223688081385.8
620.000;1646223688389337.0
618.000;1646223688473574.8
618.000;1646223688474371.8
618.000;1646223688475055.0
617.000;1646223688475685.8
618.000;1646223688552358.2
