510.000;1646218210585296.2
496.000;1646218213462168.8
490.000;1646218214892872.8
483.000;1646218216954214.0
487.000;1646218217491926.2
483.000;1646218218133563.8
483.000;1646218218653639.5
480.000;1646218220564905.0
474.000;1646218223478866.0
470.000;1646218227602111.2
469.000;1646218227831023.2
462.000;1646218229997350.0
463.000;1646218233615992.5
464.000;1646218234351972.5
462.000;1646218237911428.0
463.000;1646218238438273.8
462.000;1646218238632776.8
461.000;1646218240627651.5
462.000;1646218240724492.5
457.000;1646218247285569.2
458.000;1646218249587675.8
457.000;1646218258568899.5
457.000;1646218260078559.0
456.000;1646218261682334.0
456.000;1646218264536498.0
456.000;1646218265635510.5
454.000;1646218265828168.5
454.000;1646218266977469.0
456.000;1646218267509215.0
454.000;1646218267596005.0
457.000;1646218267690254.5
454.000;1646218267972133.8
456.000;1646218269429341.2
452.000;1646218269564274.5
454.000;1646218269659462.5
456.000;1646218270173394.0
453.000;1646218271444347.2
453.000;1646218271583506.8
454.000;1646218272657198.8
454.000;1646218274063811.8
452.000;1646218274394758.5
453.000;1646218275595625.0
452.000;1646218277764242.0
453.000;1646218278290817.8
453.000;1646218280078014.5
451.000;1646218280454078.8
453.000;1646218281087401.0
453.000;1646218287052938.2
451.000;1646218298571359.5
450.000;1646218299659202.2
450.000;1646218300709150.5
449.000;1646218303592107.8
450.000;1646218308215794.5
449.000;1646218308600778.2
449.000;1646218313103926.5
450.000;1646218314085686.5
450.000;1646218314613743.2
449.000;1646218337396691.5
448.000;1646218349264724.8
448.000;1646218357097352.0
448.000;1646218361039120.2
448.000;1646218362119593.0
448.000;1646218362773001.8
448.000;1646218364574110.5
448.000;1646218365075489.0
448.000;1646218366059355.0
448.000;1646218368096948.8
448.000;1646218370667131.2
449.000;1646218392572349.2
448.000;1646218393189839.8
445.000;1646218394928957.2
450.000;1646218398921760.0
448.000;1646218406364300.2
448.000;1646218421584984.2
447.000;1646218421681513.0
447.000;1646218424010192.8
448.000;1646218431062337.2
447.000;1646218432790459.5
447.000;1646218433301115.2
446.000;1646218433799112.0
448.000;1646218434568778.5
449.000;1646218434692120.0
446.000;1646218434792492.2
447.000;1646218435628552.5
447.000;1646218436835305.8
449.000;1646218436852559.2
447.000;1646218437111451.5
447.000;1646218437514917.2
448.000;1646218438030003.0
448.000;1646218438126735.0
448.000;1646218439519605.2
447.000;1646218440505403.5
449.000;1646218441113938.2
447.000;1646218444587589.5
448.000;1646218445102702.8
448.000;1646218446106068.5
448.000;1646218446601912.5
448.000;1646218447035826.8
448.000;1646218447351967.2
448.000;1646218448053462.5
447.000;1646218452294593.2
447.000;1646218453180700.5
448.000;1646218456955757.2
448.000;1646218457523537.2
447.000;1646218457797025.5
447.000;1646218463639993.8
447.000;1646218463851870.0
448.000;1646218478147354.8
448.000;1646218484045256.0
447.000;1646218485002915.0
448.000;1646218492570415.8
447.000;1646218493055215.5
448.000;1646218501477361.0
448.000;1646218506588951.5
447.000;1646218517377247.5
449.000;1646218517655298.8
447.000;1646218518985607.0
447.000;1646218520204575.5
448.000;1646218523866827.5
448.000;1646218526627859.2
448.000;1646218526734470.8
448.000;1646218527090811.2
448.000;1646218528373237.5
449.000;1646218528689201.2
448.000;1646218533077153.0
448.000;1646218545690787.0
446.000;1646218555595415.8
448.000;1646218556839008.0
448.000;1646218566513633.0
449.000;1646218567519616.5
448.000;1646218567848138.8
447.000;1646218574606545.0
448.000;1646218578156717.8
448.000;1646218578648786.0
448.000;1646218578857248.5
448.000;1646218579165169.2
448.000;1646218579512323.8
449.000;1646218580409257.2
449.000;1646218581510110.8
448.000;1646218581788277.5
448.000;1646218583468258.8
448.000;1646218585109666.2
449.000;1646218585275633.2
448.000;1646218587780581.8
448.000;1646218588764474.8
449.000;1646218590311284.2
449.000;1646218590641148.5
447.000;1646218590735919.8
446.000;1646218591249655.0
446.000;1646218592895412.5
449.000;1646218594013902.8
448.000;1646218594300609.0
448.000;1646218594442430.0
449.000;1646218596784366.0
447.000;1646218605406884.2
448.000;1646218605605455.8
447.000;1646218610469669.8
448.000;1646218610579819.2
448.000;1646218613160700.8
449.000;1646218613382086.0
449.000;1646218620505441.8
465.000;1646218766772890.8
460.000;1646218768393506.2
451.000;1646218778398748.2
452.000;1646218778667771.8
451.000;1646218783036690.5
449.000;1646218789186359.8
449.000;1646218791035207.5
450.000;1646218791921358.5
449.000;1646218792309509.5
450.000;1646218794277710.8
449.000;1646218794648396.8
450.000;1646218795835724.2
450.000;1646218799767782.0
449.000;1646218801078017.0
449.000;1646218801317744.0
449.000;1646218801529565.5
448.000;1646218804634034.8
447.000;1646218808054067.8
449.000;1646218808590072.8
447.000;1646218811342624.5
448.000;1646218816606409.2
448.000;1646218816975849.8
449.000;1646218817806676.2
449.000;1646218820373953.5
448.000;1646218821100333.2
449.000;1646218821169237.2
449.000;1646218821702579.5
447.000;1646218821978213.8
447.000;1646218823001220.0
448.000;1646218823496205.2
448.000;1646218823947348.0
448.000;1646218825104795.2
449.000;1646218826115722.8
450.000;1646218826492005.0
449.000;1646218826753976.5
449.000;1646218827067651.8
449.000;1646218827776148.8
449.000;1646218827994642.0
449.000;1646218829855440.8
448.000;1646218830177400.2
448.000;1646218834800334.5
447.000;1646218836302544.8
440.000;1646218843892313.0
447.000;1646218845999390.5
448.000;1646218846198251.8
448.000;1646218850093699.8
448.000;1646218850788789.5
448.000;1646218854224571.2
449.000;1646218856342625.8
449.000;1646218858021351.0
448.000;1646218859813673.8
446.000;1646218860314736.0
447.000;1646218865523002.2
446.000;1646218866142606.5
448.000;1646218866778532.5
446.000;1646218872563126.2
447.000;1646218873672427.2
447.000;1646218874538537.2
446.000;1646218874634760.2
448.000;1646218874734937.2
448.000;1646218878830212.0
447.000;1646218882075550.0
447.000;1646218882546196.2
447.000;1646218887551230.8
447.000;1646218891027397.2
447.000;1646218893001810.8
448.000;1646218894549308.2
448.000;1646218898487921.8
448.000;1646218902601391.2
447.000;1646218905168357.5
447.000;1646218906766982.0
447.000;1646218909031098.5
447.000;1646218910294996.8
448.000;1646218911309992.5
449.000;1646218911961208.5
447.000;1646218912056000.0
447.000;1646218915026048.5
448.000;1646218916571788.2
448.000;1646218917051949.5
447.000;1646218918567365.0
448.000;1646218918785639.8
449.000;1646218918991134.0
447.000;1646218919538814.8
449.000;1646218919923429.2
447.000;1646218920055679.5
447.000;1646218927560256.5
446.000;1646218930420060.0
446.000;1646218936087169.2
447.000;1646218936861003.2
447.000;1646218937646563.5
448.000;1646218938183789.5
447.000;1646218938854285.8
447.000;1646218938980015.0
447.000;1646218939640928.5
446.000;1646218941591690.8
447.000;1646218943600277.5
447.000;1646218944561526.5
447.000;1646218945578882.5
447.000;1646218947150770.0
447.000;1646218949636884.2
448.000;1646218954197291.2
448.000;1646218972475745.8
457.000;1646218986539413.5
458.000;1646218986678235.5
458.000;1646218986772465.0
461.000;1646218995082790.8
461.000;1646218996849542.0
462.000;1646218997519870.0
462.000;1646218998842982.5
463.000;1646218999319138.0
460.000;1646218999862616.8
460.000;1646219000404768.5
447.000;1646219006571793.0
454.000;1646219010828329.8
457.000;1646219011018614.0
459.000;1646219011548157.0
459.000;1646219011716693.0
456.000;1646219012578691.2
460.000;1646219014078469.8
460.000;1646219014630335.5
450.000;1646219015071056.8
454.000;1646219020953019.0
452.000;1646219023714922.0
458.000;1646219024166412.8
450.000;1646219024263531.8
449.000;1646219024356383.5
456.000;1646219024546368.2
450.000;1646219024637280.2
452.000;1646219024825260.5
454.000;1646219024919865.8
452.000;1646219025481947.8
457.000;1646219025669908.0
449.000;1646219026329051.0
454.000;1646219026512446.8
452.000;1646219026654887.0
451.000;1646219029891406.5
453.000;1646219031300074.5
449.000;1646219032659311.5
453.000;1646219033717515.5
453.000;1646219034124585.5
450.000;1646219041762527.2
451.000;1646219041969997.2
451.000;1646219043977835.0
446.000;1646219044764701.2
449.000;1646219044860344.2
453.000;1646219045188095.0
449.000;1646219047399695.8
456.000;1646219052078422.8
439.000;1646219054235704.0
438.000;1646219056855079.0
436.000;1646219056993914.0
437.000;1646219057137628.2
439.000;1646219057541583.5
438.000;1646219057958586.5
440.000;1646219058957305.0
441.000;1646219059318202.5
435.000;1646219059692426.0
434.000;1646219060757955.0
433.000;1646219060895211.8
438.000;1646219061059661.8
433.000;1646219061239724.2
441.000;1646219061998392.5
438.000;1646219062146333.2
432.000;1646219062737892.2
435.000;1646219065518022.8
438.000;1646219065894044.8
452.000;1646219068564580.0
461.000;1646219070064940.8
452.000;1646219070626018.0
442.000;1646219073064630.0
461.000;1646219073785678.0
460.000;1646219073920138.8
433.000;1646219076839378.8
452.000;1646219078783031.2
438.000;1646219105326369.0
440.000;1646219106961664.2
440.000;1646219107277106.5
456.000;1646219111777251.2
452.000;1646219112949723.2
451.000;1646219113090482.0
451.000;1646219113989853.2
449.000;1646219114872552.2
441.000;1646219116979908.2
434.000;1646219117666002.8
442.000;1646219117767519.0
439.000;1646219120012006.2
434.000;1646219124677696.0
433.000;1646219127615822.5
449.000;1646219131456770.5
450.000;1646219135064830.8
453.000;1646219135584082.5
450.000;1646219139057152.8
451.000;1646219139471647.5
451.000;1646219139565380.5
449.000;1646219140830428.2
448.000;1646219141023478.2
449.000;1646219141537181.0
423.000;1646219143835767.0
425.000;1646219145064096.0
420.000;1646219145367339.0
423.000;1646219145755442.2
424.000;1646219146363693.0
425.000;1646219146739587.0
426.000;1646219148878044.2
424.000;1646219149287976.5
1024.000;1646219173621249.2
1024.000;1646219176876939.5
1024.000;1646219187567497.5
1024.000;1646219192574236.0
1024.000;1646219202095928.0
1024.000;1646219203583542.2
1024.000;1646219204075776.5
1024.000;1646219224599014.0
45.000;1646219228076201.0
525.000;1646219235966134.2
502.000;1646219238356836.5
494.000;1646219239718961.8
489.000;1646219240462493.8
485.000;1646219240587403.5
486.000;1646219240788471.8
476.000;1646219240959527.5
486.000;1646219241035759.2
480.000;1646219241527184.0
436.000;1646219256842395.0
437.000;1646219257106134.8
446.000;1646219258457630.5
448.000;1646219259075902.0
440.000;1646219260174215.0
438.000;1646219261475774.0
441.000;1646219265057800.8
440.000;1646219294884019.5
440.000;1646219297256903.8
433.000;1646219297678220.5
432.000;1646219298327082.8
430.000;1646219298499339.5
432.000;1646219298822539.0
429.000;1646219299135843.5
428.000;1646219299518123.2
430.000;1646219299830538.8
430.000;1646219300184436.8
433.000;1646219312565491.8
433.000;1646219314866177.0
426.000;1646219315679727.0
427.000;1646219317533083.0
432.000;1646219323065196.5
442.000;1646219357115244.8
439.000;1646219357387942.2
438.000;1646219359180473.0
439.000;1646219359689946.5
440.000;1646219360433822.0
437.000;1646219372082944.8
438.000;1646219374570646.8
437.000;1646219375599418.2
438.000;1646219377065384.8
440.000;1646219378560538.0
438.000;1646219382585618.0
447.000;1646219398336485.0
451.000;1646219399551787.2
447.000;1646219407285532.2
451.000;1646219417411282.5
450.000;1646219417550006.5
448.000;1646219419714179.2
449.000;1646219433770920.5
448.000;1646219435038557.5
453.000;1646219436911128.2
452.000;1646219442864147.2
449.000;1646219454552147.5
458.000;1646219468645981.0
456.000;1646219468867422.5
457.000;1646219470123593.5
456.000;1646219471377052.0
458.000;1646219472762565.8
463.000;1646219472812508.8
457.000;1646219472966873.0
451.000;1646219475570472.8
446.000;1646219478164686.2
446.000;1646219478670317.5
441.000;1646219480077017.0
440.000;1646219480688380.8
439.000;1646219481285263.0
442.000;1646219483047571.8
438.000;1646219484755643.0
436.000;1646219485102824.5
434.000;1646219491319113.8
433.000;1646219493315628.8
429.000;1646219501590477.8
427.000;1646219503090189.5
429.000;1646219506561752.0
430.000;1646219507076107.2
430.000;1646219511060693.0
428.000;1646219514450849.0
432.000;1646219518577325.5
430.000;1646219518898800.5
429.000;1646219526446782.2
426.000;1646219527456512.2
428.000;1646219528263392.0
428.000;1646219531204216.5
426.000;1646219531549725.2
429.000;1646219534615610.5
429.000;1646219535827847.2
427.000;1646219536104369.0
428.000;1646219539899807.5
426.000;1646219540227002.0
430.000;1646219541001125.2
429.000;1646219546255362.8
429.000;1646219547406460.0
429.000;1646219563943088.2
427.000;1646219564096412.5
426.000;1646219565309256.0
425.000;1646219565807724.8
426.000;1646219566147557.8
432.000;1646219571110774.8
427.000;1646219571626712.0
424.000;1646219572613102.8
426.000;1646219573092211.8
429.000;1646219575573297.2
430.000;1646219581798197.0
426.000;1646219582605732.5
427.000;1646219587379527.8
428.000;1646219596142063.0
428.000;1646219596841532.0
427.000;1646219597989852.5
428.000;1646219598315081.8
424.000;1646219598513201.0
430.000;1646219600157660.8
424.000;1646219600440106.2
428.000;1646219604669992.5
428.000;1646219607059461.5
424.000;1646219628662865.2
426.000;1646219629558143.2
418.000;1646219632408448.5
425.000;1646219634817028.5
426.000;1646219645397762.0
428.000;1646219645606810.2
427.000;1646219647605710.8
427.000;1646219648069020.2
430.000;1646219654821748.8
430.000;1646219657253524.5
428.000;1646219657970587.5
428.000;1646219658164504.8
434.000;1646219658926898.8
421.000;1646219659139481.8
426.000;1646219660383550.5
422.000;1646219691027008.8
427.000;1646219692623071.5
429.000;1646219693218257.2
429.000;1646219694457487.8
427.000;1646219695748735.5
427.000;1646219699562632.8
429.000;1646219699909163.5
418.000;1646219704088164.2
427.000;1646219705075835.5
424.000;1646219707605419.2
427.000;1646219708974071.0
426.000;1646219709065200.5
426.000;1646219710746649.0
426.000;1646219711587145.5
424.000;1646219714916618.0
432.000;1646219716988450.5
425.000;1646219717680415.0
427.000;1646219718489596.5
425.000;1646219720389714.0
425.000;1646219720855795.8
427.000;1646219721561692.8
420.000;1646219721839893.5
428.000;1646219721935426.2
427.000;1646219722026790.2
426.000;1646219722308922.2
418.000;1646219722496622.5
426.000;1646219722636795.5
425.000;1646219722731074.5
427.000;1646219723013855.2
424.000;1646219723109513.5
423.000;1646219723294634.5
425.000;1646219723484499.8
427.000;1646219724464877.5
430.000;1646219724557182.8
426.000;1646219724653751.5
423.000;1646219725027185.0
425.000;1646219725124460.5
422.000;1646219725214192.0
423.000;1646219725606315.2
423.000;1646219725778264.5
426.000;1646219725964062.8
427.000;1646219726059834.2
417.000;1646219726252041.8
424.000;1646219727328760.0
428.000;1646219727510844.5
428.000;1646219727604731.0
425.000;1646219727699513.0
417.000;1646219727795758.2
424.000;1646219727979739.8
421.000;1646219728588915.0
428.000;1646219728965354.5
427.000;1646219729059334.0
424.000;1646219729340405.2
427.000;1646219729573535.5
422.000;1646219730141210.0
427.000;1646219730605126.0
423.000;1646219730709026.8
425.000;1646219730840239.5
426.000;1646219731073255.5
430.000;1646219731168813.2
426.000;1646219731355696.2
428.000;1646219731449037.2
428.000;1646219731730281.0
424.000;1646219731823573.2
428.000;1646219732012040.2
425.000;1646219732340313.5
422.000;1646219732434116.5
427.000;1646219733183417.8
424.000;1646219733465303.0
427.000;1646219733653177.2
427.000;1646219733747460.0
424.000;1646219733887381.5
427.000;1646219733979701.0
426.000;1646219734168142.8
427.000;1646219734261945.8
428.000;1646219734591294.8
417.000;1646219734827331.5
427.000;1646219735012865.5
424.000;1646219735200858.8
429.000;1646219735293476.2
424.000;1646219736277019.0
427.000;1646219736933460.0
428.000;1646219737027055.5
429.000;1646219737122306.8
427.000;1646219737214690.2
420.000;1646219737448894.8
423.000;1646219737731080.0
426.000;1646219737825310.0
426.000;1646219738011122.0
429.000;1646219738156967.8
426.000;1646219738528536.2
428.000;1646219738669412.5
426.000;1646219738761045.2
427.000;1646219738856066.0
427.000;1646219739371584.8
429.000;1646219740216303.5
428.000;1646219740310432.8
424.000;1646219740777318.2
429.000;1646219741058719.8
427.000;1646219741434414.8
427.000;1646219741527950.0
426.000;1646219741621425.2
421.000;1646219741856660.8
429.000;1646219742185844.0
429.000;1646219742557792.8
426.000;1646219742653610.8
427.000;1646219742745723.5
427.000;1646219742841835.2
427.000;1646219743074549.0
432.000;1646219743261909.2
422.000;1646219743455622.5
426.000;1646219743637726.2
425.000;1646219743824420.0
427.000;1646219744199177.8
420.000;1646219744387024.8
417.000;1646219744667989.0
428.000;1646219745043321.5
426.000;1646219745137838.2
424.000;1646219745232040.5
427.000;1646219745419099.5
424.000;1646219745609436.5
427.000;1646219745792875.0
429.000;1646219746168102.5
418.000;1646219746636398.2
425.000;1646219746732372.5
429.000;1646219747200043.0
422.000;1646219747388243.0
426.000;1646219747575015.5
427.000;1646219747670032.0
423.000;1646219747760295.2
427.000;1646219747865283.2
426.000;1646219748184147.5
417.000;1646219748559181.2
427.000;1646219748745691.8
428.000;1646219748933819.8
428.000;1646219749121801.2
424.000;1646219749217170.5
433.000;1646219749310050.0
426.000;1646219749597582.5
428.000;1646219749777945.0
424.000;1646219749871749.8
427.000;1646219750199708.0
427.000;1646219750436040.5
427.000;1646219750526799.2
426.000;1646219750623829.8
416.000;1646219750717180.2
430.000;1646219750856422.0
428.000;1646219750952008.8
425.000;1646219751700871.0
424.000;1646219751799497.0
426.000;1646219752029448.5
426.000;1646219752308826.2
428.000;1646219752496684.5
429.000;1646219752590004.2
424.000;1646219752780590.8
417.000;1646219753061602.5
423.000;1646219753293601.5
428.000;1646219753387661.5
428.000;1646219753669240.5
427.000;1646219753856307.8
426.000;1646219754046776.5
425.000;1646219754420445.5
428.000;1646219754518573.2
428.000;1646219754656900.8
428.000;1646219754746735.0
425.000;1646219754888487.2
428.000;1646219755081237.2
435.000;1646219755450191.0
429.000;1646219755641830.0
429.000;1646219756016018.0
429.000;1646219756106933.0
427.000;1646219756200264.0
430.000;1646219756388037.0
428.000;1646219756765525.0
432.000;1646219757325384.8
432.000;1646219757419912.5
428.000;1646219757794480.2
433.000;1646219757890349.8
430.000;1646219758555577.5
427.000;1646219758777598.0
433.000;1646219758872731.5
433.000;1646219759716366.5
436.000;1646219759807728.5
433.000;1646219759996544.8
437.000;1646219761037624.0
445.000;1646219762338875.8
445.000;1646219762955436.0
449.000;1646219763856123.5
448.000;1646219764215503.5
449.000;1646219765198205.2
449.000;1646219765530048.2
461.000;1646219770121156.2
469.000;1646219771205677.2
470.000;1646219773101035.5
474.000;1646219774822469.8
473.000;1646219775614775.2
480.000;1646219777134913.8
483.000;1646219777416993.8
512.000;1646219822045389.2
509.000;1646219823147662.2
514.000;1646219831053277.0
514.000;1646219834858374.5
512.000;1646219837010430.0
510.000;1646219837416166.0
521.000;1646219837795455.5
517.000;1646219838000437.0
516.000;1646219839656932.0
512.000;1646219839986076.0
516.000;1646219840408171.2
517.000;1646219840832951.0
516.000;1646219841665273.2
517.000;1646219841912459.8
519.000;1646219842342508.8
521.000;1646219843013424.0
521.000;1646219849110735.0
520.000;1646219850912594.2
514.000;1646219876137233.5
516.000;1646219876412686.2
518.000;1646219876577804.2
522.000;1646219880497982.2
522.000;1646219881152388.2
518.000;1646219881340097.5
522.000;1646219881752806.2
529.000;1646219881787342.2
526.000;1646219881787774.0
528.000;1646219881849777.8
523.000;1646219881971744.2
528.000;1646219882009743.0
520.000;1646219882191886.8
528.000;1646219882243263.8
528.000;1646219882244027.8
488.000;1646219897524333.0
486.000;1646219898321269.0
487.000;1646219898519088.5
482.000;1646219899506531.8
451.000;1646219922000480.8
440.000;1646219939387180.2
440.000;1646219939627337.8
432.000;1646219943583532.8
435.000;1646219944704339.5
438.000;1646219945037289.2
439.000;1646219945612995.8
440.000;1646219946511224.2
441.000;1646219946596206.2
434.000;1646219953100555.5
428.000;1646219954595382.0
430.000;1646219956099691.0
429.000;1646219956424042.2
428.000;1646219956610420.5
429.000;1646219957382590.8
433.000;1646219960390638.0
430.000;1646219962563897.5
436.000;1646219973295069.5
434.000;1646219976552250.2
429.000;1646219976705558.5
429.000;1646219994790427.5
422.000;1646219999326909.0
429.000;1646220010580840.0
427.000;1646220011097530.5
429.000;1646220012084179.5
432.000;1646220013079983.8
429.000;1646220014254994.2
432.000;1646220014892433.0
432.000;1646220018487897.8
428.000;1646220020905828.0
428.000;1646220021730204.8
427.000;1646220022136344.2
427.000;1646220024593155.5
425.000;1646220042220277.8
417.000;1646220062232939.8
429.000;1646220065419847.5
413.000;1646220074087057.2
413.000;1646220077285231.5
426.000;1646220077385379.8
412.000;1646220077826121.0
414.000;1646220078861056.0
411.000;1646220080862698.2
415.000;1646220081203475.0
415.000;1646220082066740.0
411.000;1646220083131706.5
413.000;1646220083378654.0
415.000;1646220085630280.8
414.000;1646220086441663.2
416.000;1646220092568283.2
415.000;1646220092838832.0
413.000;1646220109229111.2
421.000;1646220109480894.8
427.000;1646220110181344.5
414.000;1646220110762586.2
415.000;1646220111126857.8
414.000;1646220111269514.0
415.000;1646220111363095.5
416.000;1646220111554938.0
420.000;1646220111643290.5
414.000;1646220112253425.0
416.000;1646220112583571.5
414.000;1646220113143513.2
415.000;1646220113754501.0
415.000;1646220115030513.5
415.000;1646220115117680.0
423.000;1646220116581863.2
415.000;1646220117417753.0
417.000;1646220117744639.8
414.000;1646220118535315.8
412.000;1646220138356747.8
412.000;1646220138886099.2
415.000;1646220140975101.8
415.000;1646220141203805.8
427.000;1646220141232410.0
427.000;1646220141233358.2
415.000;1646220141496852.2
427.000;1646220141551923.8
423.000;1646220141552670.8
412.000;1646220143386463.5
413.000;1646220143628193.8
415.000;1646220146882519.2
412.000;1646220149095697.5
415.000;1646220154157282.2
418.000;1646220162371089.0
437.000;1646220174970181.0
459.000;1646220196998919.2
459.000;1646220203565326.0
457.000;1646220204080851.0
457.000;1646220204924802.5
457.000;1646220205017212.2
457.000;1646220206064795.0
457.000;1646220206418145.0
457.000;1646220207082002.8
456.000;1646220207685235.8
456.000;1646220208107305.5
451.000;1646220209191481.8
457.000;1646220209326252.5
457.000;1646220209560779.0
459.000;1646220210450606.5
456.000;1646220210546796.0
458.000;1646220212094102.8
456.000;1646220212606742.8
459.000;1646220213828727.0
460.000;1646220214108955.0
458.000;1646220214341678.2
460.000;1646220214762356.8
458.000;1646220215097063.8
461.000;1646220215279746.0
458.000;1646220216544522.2
457.000;1646220216684733.8
458.000;1646220216779452.8
458.000;1646220217014941.2
460.000;1646220217296380.2
459.000;1646220217438735.5
463.000;1646220218651917.5
463.000;1646220219357513.2
460.000;1646220219683169.5
461.000;1646220220388756.8
461.000;1646220220796637.2
469.000;1646220220809764.0
460.000;1646220221090698.5
459.000;1646220223063378.2
460.000;1646220225171133.5
459.000;1646220225354905.5
463.000;1646220225919724.5
461.000;1646220226248046.2
461.000;1646220226998873.0
461.000;1646220228641559.0
463.000;1646220229293498.2
464.000;1646220229715829.0
469.000;1646220230278229.5
462.000;1646220231685327.0
462.000;1646220232060609.8
465.000;1646220232481767.8
463.000;1646220233090784.2
460.000;1646220233232029.0
460.000;1646220233608549.5
460.000;1646220234217103.2
461.000;1646220234497658.8
462.000;1646220234825004.2
462.000;1646220235209652.0
462.000;1646220235631206.8
462.000;1646220235949775.8
462.000;1646220237498801.0
462.000;1646220237685765.5
461.000;1646220237968178.8
460.000;1646220238623937.2
464.000;1646220239139337.8
459.000;1646220239428727.0
462.000;1646220239653482.5
465.000;1646220241681425.5
464.000;1646220242091855.2
462.000;1646220242513347.5
463.000;1646220243450917.8
464.000;1646220243733178.2
463.000;1646220244716309.8
466.000;1646220245887880.0
465.000;1646220246122318.2
463.000;1646220246918824.5
464.000;1646220248935603.2
470.000;1646220249550833.8
465.000;1646220250998685.5
465.000;1646220251419641.5
468.000;1646220251936050.8
464.000;1646220252637311.2
469.000;1646220254607488.2
468.000;1646220255124937.0
468.000;1646220255450418.0
466.000;1646220256389011.5
466.000;1646220256850067.0
469.000;1646220257516973.0
468.000;1646220258886889.5
466.000;1646220261475936.2
468.000;1646220261632748.5
466.000;1646220261785486.0
468.000;1646220264556681.0
466.000;1646220266560384.2
469.000;1646220267996933.8
468.000;1646220269409839.2
469.000;1646220269630645.8
469.000;1646220269816287.2
469.000;1646220270472565.0
469.000;1646220271095109.5
468.000;1646220271645130.5
469.000;1646220273728366.2
468.000;1646220274805937.0
468.000;1646220274990748.0
465.000;1646220275131584.0
466.000;1646220276641473.5
469.000;1646220277226308.2
466.000;1646220277664104.8
466.000;1646220278018813.2
468.000;1646220278749580.2
466.000;1646220279722022.8
469.000;1646220280054873.5
468.000;1646220280178410.5
471.000;1646220280676883.2
468.000;1646220283071199.8
470.000;1646220283172078.0
468.000;1646220284494139.2
474.000;1646220284975394.2
468.000;1646220285747906.0
475.000;1646220287542129.8
472.000;1646220288016058.0
474.000;1646220288295694.8
471.000;1646220288641935.8
470.000;1646220290126766.5
469.000;1646220291504969.8
468.000;1646220294494460.5
471.000;1646220294831671.5
473.000;1646220295295604.0
471.000;1646220295560715.0
476.000;1646220296269284.2
469.000;1646220296857119.0
472.000;1646220297419908.5
473.000;1646220298288574.0
475.000;1646220298300044.2
473.000;1646220298440813.0
471.000;1646220299102773.5
470.000;1646220300408558.5
478.000;1646220300643037.2
473.000;1646220300796648.2
476.000;1646220302143604.5
469.000;1646220302236535.8
472.000;1646220303691210.0
472.000;1646220303850135.0
474.000;1646220304159256.0
473.000;1646220304254070.2
469.000;1646220305283652.8
474.000;1646220305708232.5
471.000;1646220306690139.0
469.000;1646220308099125.2
473.000;1646220308705289.8
471.000;1646220308893012.8
471.000;1646220310164002.2
471.000;1646220310724941.5
470.000;1646220310958223.2
474.000;1646220311049406.2
474.000;1646220311191517.5
471.000;1646220311331310.5
472.000;1646220312690035.0
471.000;1646220314096613.0
473.000;1646220314190146.8
472.000;1646220314948413.8
470.000;1646220315695962.2
471.000;1646220316252718.8
474.000;1646220317975297.8
475.000;1646220318333948.8
474.000;1646220318694962.2
473.000;1646220319191369.5
473.000;1646220323708009.0
474.000;1646220330094809.5
471.000;1646220332065235.5
478.000;1646220341592483.5
487.000;1646220358635686.5
484.000;1646220374787355.0
484.000;1646220374985085.2
480.000;1646220376870866.5
485.000;1646220377386248.5
484.000;1646220377822105.0
486.000;1646220379384606.0
484.000;1646220379579978.8
483.000;1646220381962018.8
487.000;1646220382059348.2
483.000;1646220384070243.2
481.000;1646220385103731.0
483.000;1646220386107190.8
486.000;1646220388055870.5
489.000;1646220390084727.8
489.000;1646220390865464.0
492.000;1646220392605750.5
494.000;1646220394057245.5
489.000;1646220394483732.0
494.000;1646220395603683.0
488.000;1646220397107406.8
494.000;1646220397569992.0
488.000;1646220400101789.0
490.000;1646220400623261.0
488.000;1646220401929131.8
489.000;1646220402119029.0
488.000;1646220403634546.8
485.000;1646220405081375.2
488.000;1646220410506693.0
488.000;1646220414982272.0
489.000;1646220422612720.5
487.000;1646220429911781.2
485.000;1646220430052409.2
486.000;1646220431935232.2
485.000;1646220436293505.0
487.000;1646220436871185.5
488.000;1646220437270420.2
487.000;1646220437696480.2
486.000;1646220438003464.8
487.000;1646220438709064.5
484.000;1646220440835091.2
484.000;1646220443649593.2
487.000;1646220447206646.0
484.000;1646220464107906.0
485.000;1646220467620345.5
485.000;1646220477365442.0
487.000;1646220483048451.0
486.000;1646220488840390.2
488.000;1646220491279976.2
485.000;1646220491758730.2
485.000;1646220498691118.2
489.000;1646220499483135.0
486.000;1646220499835963.2
487.000;1646220507670728.8
494.000;1646220516120249.8
493.000;1646220533781655.0
488.000;1646220545967293.0
487.000;1646220549377604.2
485.000;1646220550030108.2
489.000;1646220552494423.0
488.000;1646220553091184.0
488.000;1646220554034775.8
489.000;1646220554314598.5
487.000;1646220556175538.0
481.000;1646220561612141.5
483.000;1646220565086861.0
451.000;1646220573594546.8
447.000;1646220576077395.8
441.000;1646220576776385.5
446.000;1646220584594935.8
447.000;1646220587083155.0
446.000;1646220587749153.8
446.000;1646220589231465.2
446.000;1646220590261412.5
448.000;1646220591597462.5
450.000;1646220592606153.2
449.000;1646220593085302.0
447.000;1646220593635870.8
448.000;1646220594529592.0
447.000;1646220594993412.8
447.000;1646220595096699.5
447.000;1646220598366770.2
435.000;1646220605212340.5
418.000;1646220607878225.5
428.000;1646220608442154.8
428.000;1646220608581797.0
432.000;1646220612937607.5
426.000;1646220618335365.8
418.000;1646220619393029.5
423.000;1646220619903715.8
423.000;1646220620102636.5
425.000;1646220620459608.2
424.000;1646220624815065.5
421.000;1646220625138952.0
423.000;1646220625744370.8
424.000;1646220626059875.8
414.000;1646220626187834.8
416.000;1646220628912219.5
417.000;1646220629140033.0
416.000;1646220634026663.8
417.000;1646220634133196.0
415.000;1646220638344273.5
414.000;1646220643130870.2
420.000;1646220648160606.5
414.000;1646220648750668.5
414.000;1646220649817187.0
413.000;1646220650065447.8
415.000;1646220653066855.8
423.000;1646220653505773.2
416.000;1646220653786365.5
416.000;1646220657171982.8
416.000;1646220657703892.8
416.000;1646220664712755.8
414.000;1646220667771117.0
414.000;1646220677275994.0
416.000;1646220677431986.2
410.000;1646220678147204.2
410.000;1646220678530501.0
413.000;1646220679233870.2
415.000;1646220680478789.5
412.000;1646220682697283.8
416.000;1646220683041673.8
410.000;1646220683715209.8
408.000;1646220683835444.0
408.000;1646220684824896.2
414.000;1646220687226721.0
413.000;1646220687521231.2
411.000;1646220691887410.0
414.000;1646220697422905.8
411.000;1646220699187223.8
413.000;1646220699525477.2
413.000;1646220699670474.2
411.000;1646220703168355.8
415.000;1646220703663154.0
403.000;1646220708579598.8
414.000;1646220709901082.5
414.000;1646220710640116.8
412.000;1646220711540628.8
412.000;1646220713724566.5
413.000;1646220714044089.2
406.000;1646220714991133.5
410.000;1646220718041751.8
412.000;1646220719629348.0
412.000;1646220720052593.0
412.000;1646220720750213.5
412.000;1646220720886950.8
413.000;1646220722230347.2
413.000;1646220722775102.5
413.000;1646220726042215.2
411.000;1646220727154897.0
415.000;1646220727974416.0
412.000;1646220736564486.5
411.000;1646220738005267.0
410.000;1646220738175843.2
413.000;1646220738879953.8
409.000;1646220762051760.8
410.000;1646220763040940.0
413.000;1646220765120619.8
413.000;1646220772553714.8
408.000;1646220783055276.8
412.000;1646220793982361.0
409.000;1646220796631340.0
414.000;1646220797143844.8
413.000;1646220797555233.5
412.000;1646220798519852.8
410.000;1646220808644864.0
410.000;1646220810066963.0
406.000;1646220818466853.8
408.000;1646220831049956.0
412.000;1646220831546671.8
410.000;1646220831676762.8
411.000;1646220835081608.2
417.000;1646220837889064.8
416.000;1646220838506849.5
414.000;1646220839634377.8
416.000;1646220840377477.2
413.000;1646220843052511.2
412.000;1646220843991141.8
420.000;1646220848880904.2
429.000;1646220855151661.2
434.000;1646220856270535.0
436.000;1646220858199304.2
433.000;1646220859739164.5
440.000;1646220859755979.8
439.000;1646220859756810.8
439.000;1646220859757602.8
439.000;1646220859758271.0
435.000;1646220860463043.5
429.000;1646220861620741.8
439.000;1646220867734609.2
437.000;1646220875752487.2
438.000;1646220879639925.5
441.000;1646220880951737.0
440.000;1646220886964032.0
442.000;1646220889997711.8
440.000;1646220891499062.8
445.000;1646220891590758.2
442.000;1646220893185316.5
442.000;1646220893519739.8
446.000;1646220901398454.2
444.000;1646220902609124.5
441.000;1646220902982710.8
447.000;1646220907058607.2
442.000;1646220909036999.0
453.000;1646220913901214.0
449.000;1646220914276807.2
454.000;1646220919057155.5
452.000;1646220920097136.5
459.000;1646220962835878.8
457.000;1646220963056182.0
450.000;1646220963578727.2
447.000;1646220964324918.2
434.000;1646220971546972.8
429.000;1646220972062761.5
430.000;1646220976604047.0
427.000;1646220977971207.0
429.000;1646220978707491.5
430.000;1646220979211420.0
428.000;1646220980435821.5
408.000;1646221009498928.0
414.000;1646221013368579.8
411.000;1646221013970992.5
413.000;1646221014267500.0
412.000;1646221018532671.0
410.000;1646221019510296.0
409.000;1646221021532368.5
410.000;1646221027196663.0
413.000;1646221027500064.2
412.000;1646221032542795.5
409.000;1646221033511468.8
417.000;1646221039917059.5
415.000;1646221040265155.8
414.000;1646221041522663.5
412.000;1646221041908519.2
414.000;1646221042850434.5
411.000;1646221043010497.5
413.000;1646221043218194.2
409.000;1646221044169694.8
406.000;1646221083014164.2
405.000;1646221084719520.5
402.000;1646221086024679.8
406.000;1646221087556907.8
402.000;1646221088536344.5
403.000;1646221091038408.8
406.000;1646221097420694.8
404.000;1646221097690429.5
404.000;1646221099936079.0
406.000;1646221100653770.8
405.000;1646221132477781.2
402.000;1646221134972968.2
406.000;1646221146510708.0
404.000;1646221148464677.5
405.000;1646221152216734.8
404.000;1646221153005029.2
406.000;1646221157274280.2
408.000;1646221158010402.0
403.000;1646221160808948.8
405.000;1646221162566934.5
403.000;1646221163522428.2
408.000;1646221167968267.0
405.000;1646221191827407.8
403.000;1646221191992556.0
405.000;1646221192514872.5
405.000;1646221199256081.5
411.000;1646221199490220.8
406.000;1646221199649230.0
405.000;1646221200444941.8
405.000;1646221202273450.5
406.000;1646221203114297.0
406.000;1646221204099108.8
410.000;1646221205316528.2
408.000;1646221205551941.0
410.000;1646221205929016.0
410.000;1646221206961235.8
412.000;1646221207801001.5
408.000;1646221208322318.2
410.000;1646221209300995.8
410.000;1646221209504883.5
414.000;1646221211573441.2
414.000;1646221212567792.5
413.000;1646221214924443.8
415.000;1646221215533775.8
414.000;1646221217991892.0
416.000;1646221220104688.5
414.000;1646221224491466.2
425.000;1646221234983987.5
428.000;1646221238996771.8
434.000;1646221258210738.0
433.000;1646221260356001.5
435.000;1646221262337019.8
433.000;1646221262655469.0
432.000;1646221263788156.0
429.000;1646221264449169.2
434.000;1646221265472381.5
433.000;1646221265800118.2
441.000;1646221265861067.0
434.000;1646221267448287.2
436.000;1646221269392948.5
436.000;1646221269570713.2
437.000;1646221269776616.2
437.000;1646221270408263.0
436.000;1646221270724664.0
436.000;1646221271365228.2
434.000;1646221272910797.5
440.000;1646221273558229.5
440.000;1646221276425204.5
440.000;1646221276878162.8
447.000;1646221282999021.2
446.000;1646221284227181.8
450.000;1646221315014415.0
449.000;1646221315760731.5
450.000;1646221316080613.5
422.000;1646221333470058.5
427.000;1646221334996652.2
428.000;1646221337416675.2
428.000;1646221337686287.5
424.000;1646221338368492.8
416.000;1646221339242555.8
426.000;1646221339926326.5
428.000;1646221340512482.8
413.000;1646221346443464.0
412.000;1646221348039212.0
414.000;1646221353460890.8
414.000;1646221358923816.0
413.000;1646221359376369.5
415.000;1646221359888691.5
415.000;1646221360724307.5
416.000;1646221362319398.5
415.000;1646221367430998.2
417.000;1646221367442011.8
424.000;1646221370259778.5
421.000;1646221370686603.0
412.000;1646221375518191.2
410.000;1646221375703824.0
415.000;1646221376799966.2
413.000;1646221377475172.5
413.000;1646221392032353.0
411.000;1646221396495272.2
416.000;1646221403062890.8
411.000;1646221404990311.0
410.000;1646221405975237.2
415.000;1646221408546933.0
412.000;1646221408837975.8
409.000;1646221409255862.2
410.000;1646221415067260.0
405.000;1646221433863485.2
406.000;1646221455028183.8
405.000;1646221457135098.2
412.000;1646221457669100.2
413.000;1646221458851139.0
412.000;1646221458869425.0
415.000;1646221458870691.5
414.000;1646221458872049.0
414.000;1646221458873371.2
410.000;1646221460465472.2
405.000;1646221465494201.8
415.000;1646221471395367.8
409.000;1646221472469595.8
415.000;1646221474439481.8
405.000;1646221477971555.2
410.000;1646221478941838.0
411.000;1646221488182629.8
413.000;1646221508818224.5
413.000;1646221509015123.5
414.000;1646221509061684.5
415.000;1646221509062536.5
413.000;1646221517452504.5
410.000;1646221517717844.0
414.000;1646221518541658.8
413.000;1646221520431545.8
405.000;1646221521938356.2
408.000;1646221524710403.5
408.000;1646221542431627.0
415.000;1646221549940093.8
414.000;1646221556190275.0
412.000;1646221556700035.0
423.000;1646221563875713.2
424.000;1646221571142296.0
414.000;1646221572079186.8
422.000;1646221578372780.2
416.000;1646221578884397.0
417.000;1646221579160871.8
425.000;1646221580000547.5
420.000;1646221587474750.8
415.000;1646221591221325.0
416.000;1646221592060202.0
425.000;1646221593063908.0
423.000;1646221593885305.5
427.000;1646221599956334.5
420.000;1646221602521334.2
426.000;1646221603503192.8
422.000;1646221605450966.5
424.000;1646221605612672.5
424.000;1646221606015987.0
423.000;1646221606913043.5
424.000;1646221607548754.8
423.000;1646221622799556.8
426.000;1646221622884240.2
432.000;1646221637808724.8
426.000;1646221638158222.5
426.000;1646221638371928.0
430.000;1646221638856861.5
427.000;1646221639366702.2
433.000;1646221643337187.2
429.000;1646221646012060.0
430.000;1646221648532056.5
428.000;1646221648689154.2
432.000;1646221655012473.8
432.000;1646221655767475.8
430.000;1646221656459984.2
436.000;1646221656723538.2
427.000;1646221657134327.2
434.000;1646221658547920.8
434.000;1646221661172432.5
428.000;1646221662016674.0
428.000;1646221663638132.0
429.000;1646221672659400.0
430.000;1646221676825748.5
437.000;1646221677589729.0
437.000;1646221678152406.0
437.000;1646221683894006.0
436.000;1646221684734260.0
414.000;1646221688618612.8
416.000;1646221690644583.5
414.000;1646221695507435.0
412.000;1646221696904954.8
416.000;1646221697290354.8
412.000;1646221697439278.2
413.000;1646221697846906.0
415.000;1646221698521029.0
414.000;1646221699016526.0
412.000;1646221699214110.0
423.000;1646221703358092.5
425.000;1646221703574820.2
425.000;1646221704324031.5
416.000;1646221710514553.8
414.000;1646221713418342.0
410.000;1646221714917351.8
414.000;1646221716045764.5
415.000;1646221720307800.5
416.000;1646221720591920.0
415.000;1646221721527716.5
414.000;1646221724016376.0
415.000;1646221724107334.5
413.000;1646221725137020.2
415.000;1646221726028432.0
408.000;1646221730533893.2
408.000;1646221731020336.5
408.000;1646221733577936.5
405.000;1646221736200319.0
411.000;1646221736353875.5
411.000;1646221737187279.0
408.000;1646221738311352.0
411.000;1646221738450086.2
404.000;1646221740700587.5
410.000;1646221741450538.8
405.000;1646221746751311.0
406.000;1646221748998209.0
408.000;1646221753347211.8
408.000;1646221757300088.0
410.000;1646221757557011.8
410.000;1646221758014222.2
412.000;1646221759059412.0
408.000;1646221763937990.8
404.000;1646221765168498.2
406.000;1646221768476152.5
410.000;1646221769156145.2
408.000;1646221769654723.2
403.000;1646221771042726.5
410.000;1646221773487778.0
406.000;1646221773812559.0
404.000;1646221773907631.5
405.000;1646221773997695.8
402.000;1646221774092566.5
403.000;1646221774186260.5
405.000;1646221774279057.2
409.000;1646221774372301.0
405.000;1646221774474793.0
402.000;1646221774607339.2
404.000;1646221774701073.8
408.000;1646221774795828.5
409.000;1646221774889723.0
409.000;1646221774984009.2
405.000;1646221775096474.5
412.000;1646221775169178.0
408.000;1646221775265329.0
406.000;1646221775356378.8
410.000;1646221775451611.0
403.000;1646221775545646.0
406.000;1646221775826573.5
403.000;1646221775918785.2
402.000;1646221776156197.0
409.000;1646221776719238.0
412.000;1646221777853874.8
406.000;1646221778193200.5
405.000;1646221778709547.8
412.000;1646221779048358.5
408.000;1646221780031517.0
410.000;1646221786036117.0
408.000;1646221786748478.5
406.000;1646221789509659.2
409.000;1646221792756260.0
408.000;1646221793035524.5
411.000;1646221793445193.0
409.000;1646221796177505.8
410.000;1646221796409770.0
405.000;1646221816606300.0
409.000;1646221817578722.5
411.000;1646221818876292.5
412.000;1646221827587595.2
406.000;1646221834059881.2
405.000;1646221834920750.0
408.000;1646221835078070.5
404.000;1646221835329203.2
414.000;1646221835979082.5
414.000;1646221836106654.2
411.000;1646221836412553.8
416.000;1646221838089706.2
416.000;1646221838189839.2
409.000;1646221839481910.8
412.000;1646221839818965.2
416.000;1646221839835655.0
415.000;1646221839836568.2
412.000;1646221840172575.2
410.000;1646221840187967.2
416.000;1646221840189120.8
418.000;1646221843063128.2
416.000;1646221843070578.5
422.000;1646221843071474.8
415.000;1646221843194496.8
416.000;1646221843479206.5
417.000;1646221843494669.8
414.000;1646221843638393.0
416.000;1646221843779367.0
416.000;1646221843794127.0
415.000;1646221843866063.0
416.000;1646221844006982.8
415.000;1646221844100408.2
416.000;1646221844533886.8
417.000;1646221844616367.0
416.000;1646221844757210.5
414.000;1646221844861644.5
414.000;1646221844898776.5
414.000;1646221852539131.8
415.000;1646221853545501.0
412.000;1646221856573221.2
412.000;1646221858825175.8
412.000;1646221860859969.5
412.000;1646221861357382.5
413.000;1646221862074471.2
414.000;1646221862400694.5
414.000;1646221862720050.0
413.000;1646221862862029.0
413.000;1646221863336466.2
411.000;1646221863551586.2
413.000;1646221864439226.5
406.000;1646221864576876.0
414.000;1646221865471751.0
408.000;1646221873304358.2
408.000;1646221873417541.8
409.000;1646221873917191.2
415.000;1646221874052144.2
412.000;1646221874462619.8
414.000;1646221874518874.8
413.000;1646221874736483.0
411.000;1646221874928573.2
413.000;1646221875262323.5
413.000;1646221875270154.5
414.000;1646221875271219.5
413.000;1646221875272003.5
413.000;1646221875272894.0
414.000;1646221875284811.0
411.000;1646221875442609.0
413.000;1646221875457933.2
415.000;1646221875458824.8
414.000;1646221875471108.5
406.000;1646221877009151.2
413.000;1646221877024383.0
389.000;1646221877025340.2
411.000;1646221877026193.0
413.000;1646221877027037.0
412.000;1646221877027858.5
413.000;1646221877028741.0
412.000;1646221877029596.0
412.000;1646221877030391.8
413.000;1646221877031240.0
413.000;1646221877032091.2
411.000;1646221877032822.0
413.000;1646221877033537.0
411.000;1646221877034261.5
413.000;1646221877034965.0
412.000;1646221877035663.2
412.000;1646221877036676.5
413.000;1646221877037468.0
413.000;1646221877038192.8
412.000;1646221877039051.2
412.000;1646221877039805.0
412.000;1646221877040534.0
413.000;1646221877041282.2
412.000;1646221877155540.2
414.000;1646221877156228.2
414.000;1646221877156811.5
412.000;1646221877157370.0
415.000;1646221877157917.8
413.000;1646221877158469.0
412.000;1646221877159154.8
413.000;1646221877159756.0
411.000;1646221877160376.2
413.000;1646221877160930.8
413.000;1646221877169394.8
412.000;1646221877170310.5
411.000;1646221877171083.0
414.000;1646221877695448.0
415.000;1646221878020175.8
412.000;1646221878363796.8
412.000;1646221878537219.5
412.000;1646221878724674.0
411.000;1646221878902314.5
411.000;1646221878914419.0
413.000;1646221878915873.8
409.000;1646221879044614.5
410.000;1646221879235390.5
409.000;1646221879397843.2
408.000;1646221879412320.8
413.000;1646221879549152.8
409.000;1646221879723544.8
413.000;1646221880071850.5
414.000;1646221880258796.2
408.000;1646221880445141.8
412.000;1646221884669586.8
408.000;1646221887633874.0
412.000;1646221889036078.8
410.000;1646221890482931.0
412.000;1646221900046828.8
412.000;1646221905138996.5
412.000;1646221905275887.2
411.000;1646221905399207.0
412.000;1646221905603669.2
408.000;1646221905967831.8
412.000;1646221906335253.0
412.000;1646221907372440.8
412.000;1646221907847016.8
411.000;1646221908158609.0
412.000;1646221908639322.0
412.000;1646221908928728.0
413.000;1646221909052938.5
412.000;1646221909504344.8
406.000;1646221909969947.5
406.000;1646221910295246.8
412.000;1646221910583201.8
412.000;1646221911165133.0
412.000;1646221915535405.8
411.000;1646221919043435.2
412.000;1646221927463501.2
411.000;1646221940450212.0
410.000;1646221956015113.0
408.000;1646221963194058.0
409.000;1646221963600528.5
410.000;1646221968302448.8
411.000;1646221968526465.8
411.000;1646221969517016.2
412.000;1646221970022586.5
410.000;1646221970211007.5
415.000;1646221970558333.8
413.000;1646221971602562.5
414.000;1646221971918939.5
416.000;1646221976685369.5
416.000;1646221976901306.0
415.000;1646221977328463.8
416.000;1646221978059818.2
418.000;1646221979983371.5
417.000;1646221980502395.8
423.000;1646221983549694.0
428.000;1646221987012574.8
444.000;1646222003218898.0
447.000;1646222005049799.0
448.000;1646222007447472.5
454.000;1646222013456661.0
457.000;1646222013683174.0
459.000;1646222016981029.0
464.000;1646222022190962.8
461.000;1646222025022366.2
469.000;1646222029850810.2
469.000;1646222030337742.5
469.000;1646222031138039.2
466.000;1646222032533613.0
473.000;1646222035235675.2
476.000;1646222037030747.8
474.000;1646222037760563.2
477.000;1646222042052283.0
480.000;1646222043451284.8
481.000;1646222043558501.8
480.000;1646222044055598.2
481.000;1646222044529670.8
481.000;1646222044887964.0
484.000;1646222046550166.2
483.000;1646222050052114.2
489.000;1646222059914197.0
493.000;1646222065943733.2
499.000;1646222086802024.8
500.000;1646222087174653.0
502.000;1646222090509223.8
502.000;1646222094062723.2
502.000;1646222094953854.2
498.000;1646222096033941.8
504.000;1646222099037821.2
506.000;1646222103124546.8
508.000;1646222107524694.5
508.000;1646222111185518.5
500.000;1646222112485261.2
461.000;1646222116886919.0
460.000;1646222117313685.8
461.000;1646222117585597.2
460.000;1646222118185657.0
459.000;1646222120261543.2
459.000;1646222120456616.2
449.000;1646222125762350.8
438.000;1646222128792310.5
441.000;1646222129078842.8
438.000;1646222129315946.2
441.000;1646222129629320.8
436.000;1646222130330391.8
437.000;1646222130685344.8
437.000;1646222130698147.8
449.000;1646222137929570.8
435.000;1646222139712569.2
433.000;1646222140135020.0
433.000;1646222140230677.8
432.000;1646222140369529.5
428.000;1646222142665762.5
428.000;1646222142853098.2
428.000;1646222142947823.2
429.000;1646222143510514.8
424.000;1646222144540406.5
426.000;1646222144727315.0
416.000;1646222145619543.8
422.000;1646222146274592.2
424.000;1646222147259206.8
426.000;1646222147401978.2
424.000;1646222148431372.5
424.000;1646222150029340.0
416.000;1646222150306217.2
421.000;1646222150633320.0
423.000;1646222151384673.8
418.000;1646222152276316.8
415.000;1646222153031257.2
416.000;1646222153539444.5
420.000;1646222154534791.5
421.000;1646222154663858.0
423.000;1646222155138059.5
416.000;1646222155228277.2
417.000;1646222155510948.2
415.000;1646222157999365.2
415.000;1646222158514592.5
416.000;1646222159496744.5
415.000;1646222159966521.5
413.000;1646222161465277.2
416.000;1646222162918372.2
413.000;1646222163994437.2
415.000;1646222165505245.2
415.000;1646222166663112.5
415.000;1646222167131575.0
413.000;1646222167975075.8
414.000;1646222168369675.0
417.000;1646222168449747.0
415.000;1646222169099808.8
414.000;1646222169525610.2
414.000;1646222170085627.0
414.000;1646222170930039.8
414.000;1646222171116936.0
415.000;1646222171210762.0
412.000;1646222171866289.5
413.000;1646222172288302.2
412.000;1646222172428484.0
414.000;1646222173038596.0
414.000;1646222173929095.2
413.000;1646222174115506.0
414.000;1646222174679934.2
414.000;1646222174914180.0
409.000;1646222175570162.0
410.000;1646222175897626.0
414.000;1646222176227642.8
414.000;1646222180484164.5
409.000;1646222199303441.2
409.000;1646222215197695.5
405.000;1646222217535101.0
408.000;1646222218521086.8
408.000;1646222222034957.5
405.000;1646222222559884.5
408.000;1646222237284834.8
408.000;1646222237694655.8
409.000;1646222237834772.5
408.000;1646222238345830.8
409.000;1646222238704789.2
404.000;1646222238963273.2
409.000;1646222238978593.5
411.000;1646222238979794.2
408.000;1646222238980636.8
406.000;1646222239167791.8
408.000;1646222239353559.2
411.000;1646222239487019.5
409.000;1646222239696659.8
406.000;1646222239863693.8
411.000;1646222240225469.8
405.000;1646222241424681.0
406.000;1646222254642918.0
405.000;1646222255173262.8
409.000;1646222256189215.2
408.000;1646222257738866.0
408.000;1646222257829385.2
408.000;1646222260877412.0
409.000;1646222261070931.0
408.000;1646222261163302.0
410.000;1646222261961189.8
406.000;1646222262609832.0
409.000;1646222263647150.8
408.000;1646222263829703.0
409.000;1646222264957148.0
409.000;1646222265670125.8
410.000;1646222267110807.0
411.000;1646222267675287.0
408.000;1646222271094132.8
404.000;1646222271610871.0
412.000;1646222272640167.8
409.000;1646222273062784.8
412.000;1646222275687076.8
410.000;1646222277189304.2
409.000;1646222280623504.0
411.000;1646222280702213.0
406.000;1646222280936562.0
412.000;1646222281031400.0
405.000;1646222282624786.2
406.000;1646222283014720.2
408.000;1646222283514022.5
412.000;1646222285113069.5
404.000;1646222285672202.8
411.000;1646222285906056.2
404.000;1646222287500947.0
409.000;1646222287639131.2
409.000;1646222289330635.0
403.000;1646222289518029.2
406.000;1646222291015958.0
408.000;1646222291577231.5
408.000;1646222299066679.8
408.000;1646222306138726.5
408.000;1646222308062857.2
402.000;1646222313496883.2
406.000;1646222318706083.2
406.000;1646222335250986.8
402.000;1646222345508919.2
401.000;1646222357431587.8
405.000;1646222358542897.0
405.000;1646222358730232.2
406.000;1646222360192608.8
405.000;1646222360454757.0
403.000;1646222361028158.2
403.000;1646222361555391.2
401.000;1646222395273214.5
417.000;1646222417849517.8
417.000;1646222418001020.8
422.000;1646222418382679.0
420.000;1646222419136615.0
422.000;1646222419852144.8
422.000;1646222420053175.2
425.000;1646222421564480.5
430.000;1646222426109743.5
461.000;1646222455272152.5
468.000;1646222478351498.2
466.000;1646222479012283.8
466.000;1646222479334199.8
465.000;1646222481626232.8
468.000;1646222484061902.8
465.000;1646222485093854.8
473.000;1646222496666680.0
476.000;1646222499853702.8
478.000;1646222520104170.8
482.000;1646222521135310.0
462.000;1646222525962898.8
457.000;1646222529081945.0
453.000;1646222529732704.2
447.000;1646222530102276.8
447.000;1646222530577089.5
447.000;1646222531086773.0
439.000;1646222532602073.0
436.000;1646222536102932.5
430.000;1646222536617296.8
436.000;1646222536879379.0
434.000;1646222538199987.8
428.000;1646222538524996.8
429.000;1646222540224590.5
429.000;1646222540421897.0
427.000;1646222540604446.2
426.000;1646222541092314.5
425.000;1646222542596099.0
427.000;1646222543058325.2
422.000;1646222543618796.0
426.000;1646222544088264.8
426.000;1646222544559573.5
424.000;1646222545117870.8
426.000;1646222545590593.8
424.000;1646222548115695.2
415.000;1646222548636712.5
423.000;1646222549577981.2
416.000;1646222549665347.2
414.000;1646222550647615.0
414.000;1646222551669373.5
415.000;1646222552102332.5
413.000;1646222553089491.5
413.000;1646222554072886.8
414.000;1646222555303071.0
410.000;1646222573950106.2
409.000;1646222575327093.2
411.000;1646222586701902.0
409.000;1646222588909223.2
409.000;1646222589516384.8
406.000;1646222594068272.2
408.000;1646222596082662.8
403.000;1646222597416931.2
406.000;1646222597855856.2
405.000;1646222598903826.2
404.000;1646222601116347.2
402.000;1646222604162860.2
403.000;1646222605119193.2
402.000;1646222605427732.5
404.000;1646222606987540.5
405.000;1646222608623340.0
403.000;1646222608829500.5
405.000;1646222609832292.0
406.000;1646222611095187.8
406.000;1646222611110552.5
408.000;1646222611111403.0
406.000;1646222611266413.2
404.000;1646222611275815.8
408.000;1646222611276692.0
406.000;1646222611291666.8
405.000;1646222612638392.5
406.000;1646222612656869.5
406.000;1646222612657556.0
405.000;1646222612658185.5
408.000;1646222612658890.2
406.000;1646222612659690.5
406.000;1646222612660317.5
406.000;1646222612660983.8
402.000;1646222612661608.2
406.000;1646222612662260.0
406.000;1646222612662869.2
405.000;1646222612663499.2
406.000;1646222612664164.5
406.000;1646222612664753.0
405.000;1646222612665401.8
406.000;1646222612666074.2
406.000;1646222612666870.0
406.000;1646222612667439.8
409.000;1646222612668024.8
405.000;1646222612668617.2
406.000;1646222612669372.2
406.000;1646222612669944.8
408.000;1646222612670567.8
406.000;1646222612680088.5
397.000;1646222612681185.5
406.000;1646222612682286.0
406.000;1646222612683361.2
409.000;1646222612684808.2
405.000;1646222612685538.0
406.000;1646222612823162.8
408.000;1646222612823682.2
406.000;1646222612824140.8
406.000;1646222612837456.2
405.000;1646222613678344.8
405.000;1646222617105819.8
402.000;1646222617843516.0
404.000;1646222620849017.8
404.000;1646222657736225.2
405.000;1646222658042749.5
403.000;1646222658888972.5
405.000;1646222659353368.5
403.000;1646222659724579.0
402.000;1646222660628783.2
405.000;1646222661609840.8
405.000;1646222664698363.8
402.000;1646222664842185.2
404.000;1646222665730610.5
402.000;1646222666110510.2
404.000;1646222667748683.0
402.000;1646222668129492.5
404.000;1646222672381325.5
401.000;1646222672620369.8
402.000;1646222676153389.8
402.000;1646222678200854.8
403.000;1646222678636300.2
402.000;1646222680608222.2
404.000;1646222683779386.2
403.000;1646222709378665.2
405.000;1646222711112102.5
402.000;1646222717693251.8
402.000;1646222718874464.8
401.000;1646222725988299.8
403.000;1646222726654901.2
401.000;1646222733629270.0
402.000;1646222736511637.5
397.000;1646222740184000.0
399.000;1646222740482420.8
399.000;1646222748115439.5
403.000;1646222748512119.2
401.000;1646222749029050.8
402.000;1646222765583442.0
398.000;1646222770032181.8
401.000;1646222771758064.8
399.000;1646222772613452.5
403.000;1646222772799718.5
406.000;1646222775944803.0
406.000;1646222776122066.2
405.000;1646222776134401.2
406.000;1646222776275708.8
410.000;1646222777047507.8
408.000;1646222777283163.8
406.000;1646222777443319.8
405.000;1646222777567598.5
406.000;1646222777709179.0
406.000;1646222777848115.2
406.000;1646222778369091.8
405.000;1646222778536351.8
406.000;1646222778549982.0
409.000;1646222778692407.2
406.000;1646222779202907.8
405.000;1646222779376407.0
405.000;1646222779560208.5
404.000;1646222779744427.2
403.000;1646222779919896.5
402.000;1646222779933734.8
402.000;1646222784120380.2
402.000;1646222784727775.0
403.000;1646222785145205.5
402.000;1646222790659678.0
402.000;1646222791645397.2
405.000;1646222795673769.5
403.000;1646222798156966.5
405.000;1646222800130690.5
405.000;1646222806647379.0
411.000;1646222816832645.2
406.000;1646222817882946.8
411.000;1646222818126747.8
414.000;1646222825391196.8
414.000;1646222830419069.5
414.000;1646222836581730.5
413.000;1646222838558805.0
413.000;1646222838909771.8
412.000;1646222856620749.8
416.000;1646222857647431.2
425.000;1646222872696784.2
422.000;1646222874279434.5
426.000;1646222878593644.5
426.000;1646222896904547.8
429.000;1646222897439592.8
426.000;1646222897861398.0
427.000;1646222898374776.8
428.000;1646222898566943.8
428.000;1646222899931267.0
428.000;1646222900248747.5
427.000;1646222915633986.8
430.000;1646222923134965.0
427.000;1646222928615866.8
433.000;1646222930676847.5
428.000;1646222933118131.5
408.000;1646222952942050.2
408.000;1646222953191766.5
403.000;1646222953285844.2
410.000;1646222953388474.5
411.000;1646222953622939.0
410.000;1646222953706647.0
405.000;1646222953809561.2
405.000;1646222953898822.8
411.000;1646222954084632.8
409.000;1646222954414168.5
411.000;1646222954834555.8
405.000;1646222955011934.0
405.000;1646222955027886.0
412.000;1646222955028746.5
403.000;1646222955403345.2
411.000;1646222955417101.2
411.000;1646222955418011.8
412.000;1646222960412652.5
405.000;1646222960425287.8
412.000;1646222960427273.8
404.000;1646222964716619.2
404.000;1646222966497007.0
404.000;1646222967951439.5
402.000;1646222973040807.8
404.000;1646222974001819.8
406.000;1646222974656699.5
402.000;1646222974817202.0
402.000;1646222980292794.0
398.000;1646222980748207.5
408.000;1646222993726123.2
405.000;1646222994071903.5
405.000;1646223002398802.5
403.000;1646223007284255.8
403.000;1646223007398436.2
403.000;1646223007586532.0
402.000;1646223015402244.0
399.000;1646223017421009.2
403.000;1646223018348092.2
404.000;1646223019592136.2
402.000;1646223020443996.0
402.000;1646223025277999.8
401.000;1646223027903994.5
402.000;1646223035077093.0
401.000;1646223037611373.2
400.000;1646223037934166.2
400.000;1646223038594702.2
402.000;1646223039073594.2
399.000;1646223040561550.8
401.000;1646223041074775.5
400.000;1646223041967251.5
401.000;1646223043980494.8
401.000;1646223044089033.2
401.000;1646223045575611.5
402.000;1646223047253267.5
398.000;1646223048122724.8
399.000;1646223048530554.5
402.000;1646223065194804.5
401.000;1646223066970431.5
402.000;1646223072359629.0
400.000;1646223077424862.5
401.000;1646223078211646.0
403.000;1646223079213012.5
402.000;1646223109106089.5
402.000;1646223109656623.5
402.000;1646223112139377.8
399.000;1646223112288994.8
402.000;1646223114118216.2
404.000;1646223116734949.2
400.000;1646223122143820.8
398.000;1646223133056791.5
393.000;1646223135503107.0
400.000;1646223136901287.8
413.000;1646223140642570.5
399.000;1646223155520303.8
398.000;1646223168632926.8
396.000;1646223174118056.8
397.000;1646223178624549.2
400.000;1646223193725672.0
401.000;1646223199394958.5
399.000;1646223199610771.5
401.000;1646223200286452.0
401.000;1646223200481785.5
397.000;1646223223187014.0
398.000;1646223227915365.0
399.000;1646223230344720.5
399.000;1646223231049995.5
397.000;1646223232501108.8
398.000;1646223234098886.5
398.000;1646223234610264.0
396.000;1646223235598050.8
398.000;1646223238080876.0
398.000;1646223239111534.2
399.000;1646223240101773.0
398.000;1646223246097910.8
397.000;1646223248577374.0
397.000;1646223257068386.8
397.000;1646223257334843.5
399.000;1646223257568882.5
398.000;1646223258713177.2
399.000;1646223258908859.2
399.000;1646223259608425.8
397.000;1646223269564675.0
398.000;1646223273461352.2
394.000;1646223292726664.8
398.000;1646223293426850.0
398.000;1646223302335828.8
397.000;1646223302613989.2
397.000;1646223304667669.8
397.000;1646223306743297.5
398.000;1646223307869568.0
398.000;1646223317033794.0
400.000;1646223317576078.5
398.000;1646223318702677.0
399.000;1646223319539106.5
400.000;1646223320052613.8
400.000;1646223320454306.0
397.000;1646223331441833.5
400.000;1646223336964606.5
398.000;1646223341051166.0
397.000;1646223341792658.0
398.000;1646223352105018.8
398.000;1646223356375886.0
397.000;1646223358059994.0
396.000;1646223359606739.8
396.000;1646223361293060.0
397.000;1646223364586541.5
397.000;1646223373814987.2
398.000;1646223375459723.5
398.000;1646223375591256.5
397.000;1646223377063177.0
399.000;1646223378540025.5
399.000;1646223379749125.0
398.000;1646223381376172.8
398.000;1646223390094947.8
396.000;1646223417137428.0
393.000;1646223420625016.0
398.000;1646223421676673.2
396.000;1646223437297749.0
397.000;1646223438575495.5
398.000;1646223439189971.8
397.000;1646223441220317.2
397.000;1646223444171778.0
396.000;1646223449516016.5
397.000;1646223451156549.2
397.000;1646223458300164.8
396.000;1646223459053731.5
397.000;1646223459237205.8
397.000;1646223468969182.8
397.000;1646223469690451.2
396.000;1646223481111017.0
397.000;1646223494710963.0
397.000;1646223497309341.0
396.000;1646223497853250.2
397.000;1646223498553302.2
394.000;1646223499714706.8
398.000;1646223500384751.2
396.000;1646223546759538.0
394.000;1646223549623995.0
396.000;1646223550087143.0
396.000;1646223552119735.8
396.000;1646223554633988.5
394.000;1646223555105707.2
397.000;1646223558537676.5
396.000;1646223559379137.2
396.000;1646223566339357.5
394.000;1646223607626662.8
396.000;1646223611633309.2
394.000;1646223613625219.8
397.000;1646223617340087.8
397.000;1646223618396713.5
397.000;1646223618904412.5
393.000;1646223619386913.8
397.000;1646223630367489.0
396.000;1646223631908865.8
393.000;1646223639625547.5
396.000;1646223671992458.2
396.000;1646223675638272.8
396.000;1646223680464110.2
394.000;1646223682127195.8
396.000;1646223685120645.2
398.000;1646223687888703.5
