882.000;1646218201173578.0
813.000;1646218207696245.8
787.000;1646218214129626.8
780.000;1646218217940608.8
775.000;1646218220428020.5
774.000;1646218221660922.0
774.000;1646218221743003.0
772.000;1646218223897563.2
765.000;1646218230787274.2
765.000;1646218231648615.8
766.000;1646218232591392.0
765.000;1646218234067838.5
764.000;1646218234254902.2
762.000;1646218237210827.2
760.000;1646218238100474.8
761.000;1646218240114669.2
759.000;1646218241618155.2
759.000;1646218243161243.2
759.000;1646218243959245.8
759.000;1646218245833906.8
759.000;1646218248090953.5
756.000;1646218257084180.0
754.000;1646218258435307.8
753.000;1646218259993912.2
754.000;1646218262059441.2
751.000;1646218266930824.5
753.000;1646218267027343.2
745.000;1646218267331761.5
751.000;1646218267405567.2
752.000;1646218268246338.0
750.000;1646218268353166.5
751.000;1646218270262209.2
750.000;1646218272562406.5
751.000;1646218273684389.8
750.000;1646218274109115.5
750.000;1646218276450908.5
745.000;1646218277399334.5
749.000;1646218277641696.8
749.000;1646218279869162.0
749.000;1646218279881173.0
748.000;1646218279882392.2
749.000;1646218279883484.5
749.000;1646218279884790.8
751.000;1646218281576246.8
750.000;1646218289635838.5
748.000;1646218294043930.8
750.000;1646218296603651.0
748.000;1646218307591053.5
746.000;1646218313192091.8
748.000;1646218315650787.2
746.000;1646218315751991.5
747.000;1646218316542358.5
748.000;1646218317113714.8
748.000;1646218318094896.2
748.000;1646218321588974.0
747.000;1646218322075562.0
747.000;1646218323111784.0
747.000;1646218323714309.8
747.000;1646218330097081.2
746.000;1646218331122179.8
746.000;1646218337806330.0
746.000;1646218339380525.5
746.000;1646218340045642.5
746.000;1646218343825325.8
746.000;1646218344343491.0
746.000;1646218348427789.8
740.000;1646218351985730.0
746.000;1646218360404457.0
746.000;1646218360515783.5
746.000;1646218360702541.2
747.000;1646218361077416.2
748.000;1646218361405537.2
746.000;1646218362587829.8
747.000;1646218363750269.5
739.000;1646218364125218.5
745.000;1646218365112226.2
747.000;1646218365624062.2
747.000;1646218365720422.8
744.000;1646218366609908.8
745.000;1646218368623370.0
745.000;1646218370042749.8
744.000;1646218370747907.0
740.000;1646218371064299.5
746.000;1646218371625670.0
748.000;1646218373548710.8
745.000;1646218373735224.0
746.000;1646218375614840.8
744.000;1646218377109569.0
747.000;1646218377579027.8
744.000;1646218388600271.2
746.000;1646218392249231.0
746.000;1646218394640006.2
746.000;1646218394855158.0
746.000;1646218397394553.8
746.000;1646218397488696.2
747.000;1646218398480467.0
744.000;1646218398681134.0
744.000;1646218399797684.5
744.000;1646218400340015.5
744.000;1646218402970605.2
744.000;1646218417774873.0
745.000;1646218422660229.8
749.000;1646218426578892.2
744.000;1646218427847542.8
745.000;1646218427988273.0
747.000;1646218429594938.5
747.000;1646218430567346.2
746.000;1646218432117726.0
746.000;1646218432540611.8
746.000;1646218433752215.8
742.000;1646218436058315.2
745.000;1646218437983421.8
741.000;1646218438401716.8
745.000;1646218440096133.5
748.000;1646218441082927.5
746.000;1646218444078477.5
738.000;1646218448777024.8
746.000;1646218449021876.8
747.000;1646218452340716.0
745.000;1646218454702679.2
745.000;1646218461847922.5
744.000;1646218463764916.2
745.000;1646218464038565.2
745.000;1646218464645429.2
745.000;1646218468604706.8
744.000;1646218478094151.8
745.000;1646218484908803.0
747.000;1646218488146398.0
745.000;1646218490015040.5
748.000;1646218491043487.8
746.000;1646218495075812.0
745.000;1646218495265246.0
746.000;1646218495445243.0
745.000;1646218497563421.5
747.000;1646218500550575.2
744.000;1646218503784423.2
744.000;1646218504067308.8
745.000;1646218505564750.5
745.000;1646218507537950.2
744.000;1646218512217682.0
738.000;1646218516849029.8
744.000;1646218517622119.5
744.000;1646218518468730.0
746.000;1646218519158885.8
746.000;1646218521533426.8
746.000;1646218528338466.8
745.000;1646218528792470.2
745.000;1646218534627285.5
745.000;1646218534758376.0
746.000;1646218537998317.5
746.000;1646218544934559.2
739.000;1646218545353495.8
744.000;1646218545495930.8
745.000;1646218545600154.5
746.000;1646218545826726.8
746.000;1646218552007828.2
749.000;1646218553510447.8
745.000;1646218555776461.0
745.000;1646218566845797.0
746.000;1646218569569734.5
746.000;1646218570006216.8
745.000;1646218579128986.5
746.000;1646218579487385.5
746.000;1646218580368842.8
746.000;1646218582021613.8
746.000;1646218582343923.8
745.000;1646218582441173.0
746.000;1646218582862963.0
747.000;1646218584687173.2
746.000;1646218585188897.2
747.000;1646218585564176.0
747.000;1646218586937327.0
746.000;1646218587360348.5
746.000;1646218588487456.8
746.000;1646218588578801.0
746.000;1646218588999364.2
746.000;1646218591121614.2
746.000;1646218591763560.2
747.000;1646218592935106.8
746.000;1646218593918824.8
746.000;1646218594107469.0
747.000;1646218594359268.8
746.000;1646218594529318.2
746.000;1646218594642328.8
745.000;1646218595058432.0
747.000;1646218596545265.2
745.000;1646218604136903.0
751.000;1646218609484259.0
748.000;1646218610518240.2
746.000;1646218613590888.8
746.000;1646218613669239.0
746.000;1646218616532832.5
763.000;1646218771506276.2
753.000;1646218781223142.0
751.000;1646218782921306.5
753.000;1646218785033051.8
752.000;1646218786383334.8
750.000;1646218787205708.5
753.000;1646218788235006.8
751.000;1646218788978522.5
750.000;1646218789348491.5
750.000;1646218793855346.0
750.000;1646218794052240.0
745.000;1646218794672103.2
750.000;1646218795864952.0
753.000;1646218799497814.8
750.000;1646218800273204.0
749.000;1646218801579020.0
750.000;1646218804663491.0
749.000;1646218808348339.2
747.000;1646218808424799.0
749.000;1646218809322083.2
741.000;1646218809882295.0
749.000;1646218811322636.8
749.000;1646218812242308.2
749.000;1646218812705468.5
749.000;1646218813061100.0
749.000;1646218819469891.2
751.000;1646218819828245.5
745.000;1646218821147134.2
748.000;1646218821932183.5
748.000;1646218822220994.2
749.000;1646218822653179.0
748.000;1646218823688171.8
747.000;1646218823914295.5
747.000;1646218825661246.0
746.000;1646218825995485.5
747.000;1646218826868312.5
748.000;1646218827398392.5
749.000;1646218827629881.5
748.000;1646218827728743.8
747.000;1646218827925602.8
747.000;1646218828478919.5
749.000;1646218829899529.0
747.000;1646218830871398.2
748.000;1646218843602680.5
745.000;1646218843615985.8
746.000;1646218845429784.5
742.000;1646218850715074.0
748.000;1646218850873041.5
747.000;1646218853351154.8
748.000;1646218853636183.8
749.000;1646218853668031.0
748.000;1646218855454557.0
747.000;1646218856483997.2
747.000;1646218857676865.8
747.000;1646218857705690.0
745.000;1646218859628303.5
747.000;1646218861640185.0
749.000;1646218870308551.0
747.000;1646218871162436.2
750.000;1646218873050779.5
747.000;1646218873496259.2
746.000;1646218874501615.8
746.000;1646218874670275.8
747.000;1646218876965553.8
740.000;1646218877276484.0
748.000;1646218881058443.8
747.000;1646218884011468.0
747.000;1646218893339103.0
746.000;1646218894418414.8
746.000;1646218897323029.5
747.000;1646218902147922.0
746.000;1646218904400182.2
748.000;1646218905641237.0
746.000;1646218906090092.8
745.000;1646218906719648.5
747.000;1646218908995537.2
746.000;1646218910987045.8
747.000;1646218911511771.0
748.000;1646218916196797.0
746.000;1646218916708151.5
744.000;1646218918328726.5
746.000;1646218918529994.2
746.000;1646218919657025.5
748.000;1646218919952169.5
746.000;1646218923365452.8
746.000;1646218926605765.5
747.000;1646218926810243.8
744.000;1646218929885521.2
742.000;1646218931231591.0
746.000;1646218932985159.8
748.000;1646218934092558.8
749.000;1646218941019201.2
747.000;1646218941809569.5
749.000;1646218944600104.2
747.000;1646218945704448.5
745.000;1646218948145768.5
746.000;1646218948593267.2
746.000;1646218954392010.5
747.000;1646218957392174.0
746.000;1646218959210725.2
752.000;1646218993495334.5
754.000;1646218998868601.0
756.000;1646219001564267.2
756.000;1646219003059158.8
756.000;1646219003561843.2
758.000;1646219004567170.0
756.000;1646219006062698.0
754.000;1646219006328769.0
756.000;1646219006627084.8
754.000;1646219009514759.2
756.000;1646219011072643.5
758.000;1646219011586945.0
748.000;1646219017670106.8
753.000;1646219019693261.2
751.000;1646219022593445.0
752.000;1646219023764747.8
751.000;1646219025762209.8
748.000;1646219028528030.5
750.000;1646219030357264.0
752.000;1646219030975064.8
752.000;1646219033274213.5
751.000;1646219033364450.0
748.000;1646219034458371.0
750.000;1646219035755194.8
750.000;1646219038476415.0
749.000;1646219039768480.5
749.000;1646219039957311.2
749.000;1646219040348001.2
748.000;1646219041133265.2
748.000;1646219042070485.2
748.000;1646219044114852.5
748.000;1646219044511512.2
749.000;1646219045158597.8
749.000;1646219050920182.8
748.000;1646219051784743.5
742.000;1646219058703901.8
750.000;1646219060010358.0
749.000;1646219060356762.8
754.000;1646219060806199.8
752.000;1646219061211857.0
754.000;1646219061346012.2
753.000;1646219061583640.0
756.000;1646219061855933.0
754.000;1646219062112690.2
754.000;1646219062443232.5
753.000;1646219063343362.0
749.000;1646219064688673.8
749.000;1646219073189688.2
748.000;1646219075502075.5
752.000;1646219076545659.8
748.000;1646219076815462.8
748.000;1646219077338402.8
748.000;1646219077519822.8
748.000;1646219077863397.2
752.000;1646219078052660.0
747.000;1646219078316413.0
748.000;1646219078410911.5
747.000;1646219078510083.8
741.000;1646219078926422.5
750.000;1646219079021947.2
747.000;1646219079537422.8
747.000;1646219079632705.8
749.000;1646219080052635.8
746.000;1646219081879461.2
741.000;1646219082207770.8
748.000;1646219085395303.8
748.000;1646219085636486.0
740.000;1646219085912163.8
746.000;1646219086801461.8
747.000;1646219092759334.2
747.000;1646219094722370.5
747.000;1646219097442610.0
748.000;1646219097817223.0
742.000;1646219104331056.5
747.000;1646219106772877.2
746.000;1646219108504591.0
741.000;1646219109207504.0
747.000;1646219111269692.8
747.000;1646219113333235.0
748.000;1646219114504358.8
746.000;1646219114647413.5
748.000;1646219115772271.2
747.000;1646219115975275.0
744.000;1646219116964431.8
739.000;1646219117244369.8
748.000;1646219117395796.5
748.000;1646219118465143.8
754.000;1646219118831340.0
747.000;1646219119141830.8
749.000;1646219120227618.2
748.000;1646219120369525.2
747.000;1646219120370601.8
746.000;1646219120371679.0
747.000;1646219120372698.8
747.000;1646219122602090.0
749.000;1646219123583053.8
748.000;1646219124107023.0
752.000;1646219129020521.5
748.000;1646219129832931.0
749.000;1646219129850523.8
748.000;1646219129913614.0
748.000;1646219131554227.0
751.000;1646219146998536.8
749.000;1646219149209039.2
751.000;1646219153094425.5
749.000;1646219157108613.2
752.000;1646219161626220.8
749.000;1646219163836943.5
750.000;1646219164997045.8
749.000;1646219177767044.8
749.000;1646219178297021.5
751.000;1646219182050587.2
754.000;1646219184063398.5
754.000;1646219189546938.8
751.000;1646219203611606.0
750.000;1646219208627472.8
750.000;1646219235906521.5
750.000;1646219241554356.5
749.000;1646219242007559.8
749.000;1646219250059742.2
749.000;1646219251561603.8
749.000;1646219252594948.8
749.000;1646219253073989.8
748.000;1646219256721499.0
748.000;1646219258149977.0
748.000;1646219259419750.5
749.000;1646219262827630.5
750.000;1646219266591337.8
748.000;1646219290633111.2
745.000;1646219292356062.8
745.000;1646219292824285.5
746.000;1646219294419942.5
744.000;1646219297001680.8
742.000;1646219297120979.5
745.000;1646219297135489.2
747.000;1646219297547865.8
747.000;1646219297643456.5
745.000;1646219298165578.5
747.000;1646219298989110.2
746.000;1646219299169070.2
747.000;1646219300023040.0
747.000;1646219300216682.5
747.000;1646219301549966.2
747.000;1646219301631354.8
746.000;1646219309550959.5
745.000;1646219312036871.0
750.000;1646219312552648.8
747.000;1646219314065260.2
747.000;1646219318086817.5
746.000;1646219319582578.5
747.000;1646219331065176.5
746.000;1646219335471426.5
747.000;1646219340159423.5
754.000;1646219356873469.2
748.000;1646219357256869.5
754.000;1646219359494061.0
753.000;1646219359841980.0
754.000;1646219360033815.5
752.000;1646219360497650.5
754.000;1646219361809345.2
758.000;1646219368482714.5
758.000;1646219371058997.0
758.000;1646219372053896.5
750.000;1646219373078487.8
760.000;1646219374528696.8
761.000;1646219382552173.0
759.000;1646219388031283.2
750.000;1646219390563616.0
758.000;1646219393100480.2
759.000;1646219394551726.8
759.000;1646219398595256.0
760.000;1646219414804672.0
761.000;1646219417276503.0
765.000;1646219433734261.8
764.000;1646219435094976.2
765.000;1646219438562887.5
766.000;1646219439558277.2
766.000;1646219446574895.8
764.000;1646219450091539.0
765.000;1646219453043861.0
765.000;1646219462513798.8
768.000;1646219468917873.0
764.000;1646219473096601.0
760.000;1646219475321730.5
760.000;1646219477136996.0
760.000;1646219477526894.8
760.000;1646219478477473.0
754.000;1646219481409253.0
757.000;1646219482447226.8
756.000;1646219483420363.0
751.000;1646219487042319.2
749.000;1646219487659630.5
750.000;1646219490228895.2
749.000;1646219490420292.5
748.000;1646219492243520.8
741.000;1646219493124371.0
749.000;1646219498072986.8
750.000;1646219499765039.5
747.000;1646219502441130.8
747.000;1646219511566468.2
746.000;1646219511955551.8
745.000;1646219518956264.8
747.000;1646219519100734.0
749.000;1646219519598284.5
746.000;1646219526314042.5
745.000;1646219528217332.5
744.000;1646219530188687.2
745.000;1646219530731125.5
746.000;1646219535929212.8
745.000;1646219536331216.8
744.000;1646219536691442.8
745.000;1646219539049331.8
744.000;1646219539744600.0
736.000;1646219541955246.5
738.000;1646219546939573.2
737.000;1646219547692103.2
744.000;1646219564418952.2
742.000;1646219564866070.8
746.000;1646219566243049.0
746.000;1646219566533313.5
745.000;1646219566617296.0
744.000;1646219568587173.0
744.000;1646219573179672.2
745.000;1646219573601080.2
744.000;1646219573839363.8
744.000;1646219578568557.5
741.000;1646219580597891.8
742.000;1646219583303780.8
742.000;1646219584053796.0
741.000;1646219584521853.8
742.000;1646219596976255.0
741.000;1646219597243580.2
741.000;1646219597405884.2
745.000;1646219598675466.2
745.000;1646219598952451.5
742.000;1646219618706489.5
741.000;1646219618870383.0
742.000;1646219619004712.2
746.000;1646219625527998.8
741.000;1646219626558466.0
742.000;1646219628937523.2
741.000;1646219640436628.5
741.000;1646219640526961.8
745.000;1646219644081642.8
737.000;1646219646585745.2
739.000;1646219648461386.0
740.000;1646219657006737.2
740.000;1646219658320190.0
741.000;1646219658508839.2
735.000;1646219659100881.8
741.000;1646219690574759.0
740.000;1646219692232686.8
740.000;1646219692978018.2
742.000;1646219693113863.5
741.000;1646219698522595.2
738.000;1646219698822896.0
740.000;1646219700360344.0
741.000;1646219703564446.2
745.000;1646219707076577.0
744.000;1646219716974085.0
741.000;1646219717952794.8
741.000;1646219718858836.8
741.000;1646219720956037.2
740.000;1646219721368311.2
739.000;1646219723665298.0
741.000;1646219724369884.0
740.000;1646219724744920.0
741.000;1646219725868769.5
739.000;1646219726150826.8
741.000;1646219726525148.5
741.000;1646219726854060.0
744.000;1646219726946770.8
740.000;1646219727414041.2
740.000;1646219728305585.0
740.000;1646219728494070.0
744.000;1646219728869664.0
741.000;1646219729243603.2
741.000;1646219730320915.5
740.000;1646219731259661.5
740.000;1646219733086706.0
744.000;1646219733282894.2
740.000;1646219735103267.8
742.000;1646219735398404.0
744.000;1646219735619092.0
741.000;1646219735806200.5
740.000;1646219736463073.0
742.000;1646219736745345.8
740.000;1646219736839552.2
742.000;1646219737540406.5
741.000;1646219737634022.0
742.000;1646219738899783.0
740.000;1646219739563090.5
741.000;1646219740118348.8
740.000;1646219740870214.0
740.000;1646219740962092.8
742.000;1646219741758889.2
740.000;1646219742931364.0
741.000;1646219743166667.0
742.000;1646219744010154.0
742.000;1646219744572033.8
740.000;1646219746541361.0
740.000;1646219751415097.2
739.000;1646219751603890.2
742.000;1646219752119558.2
741.000;1646219752875183.8
744.000;1646219753479830.5
745.000;1646219755168716.2
748.000;1646219755917507.0
748.000;1646219756853720.5
747.000;1646219756947535.5
748.000;1646219757228994.2
748.000;1646219757697433.8
747.000;1646219757980369.0
749.000;1646219759338195.2
748.000;1646219759530699.5
756.000;1646219763942173.8
758.000;1646219764601919.8
756.000;1646219764826995.8
768.000;1646219768954171.8
768.000;1646219769102919.0
771.000;1646219769605895.0
775.000;1646219771794358.5
774.000;1646219771989208.5
778.000;1646219773583924.8
781.000;1646219774163093.8
785.000;1646219774916771.8
787.000;1646219778172464.8
788.000;1646219778945428.5
792.000;1646219779678828.0
793.000;1646219780968714.5
805.000;1646219794832781.5
814.000;1646219815552571.8
818.000;1646219818043344.0
816.000;1646219818552625.0
816.000;1646219819587877.8
818.000;1646219827037990.8
821.000;1646219829053269.8
821.000;1646219830040521.2
813.000;1646219836045421.5
818.000;1646219837971217.8
818.000;1646219838506139.0
818.000;1646219839152483.0
817.000;1646219839640945.0
817.000;1646219842029102.8
819.000;1646219848601755.5
814.000;1646219850426209.0
821.000;1646219860750833.8
824.000;1646219880679039.8
822.000;1646219880848213.2
823.000;1646219882329760.5
819.000;1646219882453120.5
823.000;1646219883578178.8
824.000;1646219884572391.0
810.000;1646219893093888.2
809.000;1646219893583981.2
804.000;1646219897955446.2
804.000;1646219897969200.2
801.000;1646219897970105.8
802.000;1646219897970965.8
800.000;1646219897971866.5
802.000;1646219899132114.2
800.000;1646219900181475.8
769.000;1646219930580300.2
768.000;1646219938902457.0
764.000;1646219946082620.8
763.000;1646219946681973.2
759.000;1646219957250243.0
756.000;1646219957416672.2
757.000;1646219957824031.5
756.000;1646219958344997.5
748.000;1646219960367190.0
756.000;1646219961600652.8
756.000;1646219964077814.5
751.000;1646219975537658.5
752.000;1646219976356949.0
752.000;1646219976687781.2
742.000;1646220005102050.0
742.000;1646220011575402.0
741.000;1646220013588400.5
742.000;1646220014110232.2
741.000;1646220014913089.8
744.000;1646220016072157.5
740.000;1646220017830734.2
740.000;1646220018862659.2
741.000;1646220021454684.0
736.000;1646220069094490.5
737.000;1646220077118920.2
736.000;1646220078675873.2
736.000;1646220081043920.0
735.000;1646220081551351.5
738.000;1646220081915325.2
735.000;1646220082224551.8
735.000;1646220084720346.2
735.000;1646220086230398.5
735.000;1646220088172039.5
736.000;1646220090596901.0
736.000;1646220090610140.8
736.000;1646220090847086.8
736.000;1646220103697092.8
735.000;1646220109144516.5
736.000;1646220110352547.0
736.000;1646220110467032.2
736.000;1646220111826397.2
734.000;1646220112153857.8
736.000;1646220118249512.8
729.000;1646220136860768.0
736.000;1646220137150399.0
737.000;1646220137409215.0
736.000;1646220138140905.5
735.000;1646220140792884.8
736.000;1646220141635361.8
736.000;1646220142549462.5
738.000;1646220187199546.5
746.000;1646220197828103.5
748.000;1646220199219548.0
748.000;1646220200061998.0
748.000;1646220200473461.8
747.000;1646220201029868.8
747.000;1646220201122350.2
750.000;1646220201545871.8
748.000;1646220202106435.2
747.000;1646220202578060.2
747.000;1646220204731269.0
741.000;1646220205950743.0
747.000;1646220206092786.2
749.000;1646220206565215.8
747.000;1646220207599829.0
746.000;1646220208293747.2
747.000;1646220208592148.5
745.000;1646220209746284.2
750.000;1646220210053077.2
747.000;1646220212192338.5
748.000;1646220212512621.5
746.000;1646220214067751.2
750.000;1646220214582070.2
745.000;1646220214903428.2
747.000;1646220215656299.2
750.000;1646220216078034.2
748.000;1646220218336400.2
746.000;1646220219168488.2
747.000;1646220219777301.0
747.000;1646220220903629.8
749.000;1646220221513000.2
748.000;1646220222120594.5
747.000;1646220223245959.2
749.000;1646220223950274.0
748.000;1646220224326290.0
748.000;1646220225537931.5
747.000;1646220226434533.8
747.000;1646220226949290.0
749.000;1646220229808862.0
749.000;1646220230564058.2
746.000;1646220230840036.0
745.000;1646220232153517.0
750.000;1646220233184880.5
748.000;1646220233702673.2
750.000;1646220234731278.0
750.000;1646220235293600.5
747.000;1646220236277493.2
745.000;1646220237029658.0
753.000;1646220237591414.2
753.000;1646220239840880.0
753.000;1646220240355906.8
748.000;1646220241998060.5
753.000;1646220242605788.0
747.000;1646220243409450.5
754.000;1646220243637280.8
747.000;1646220244152144.5
754.000;1646220244575200.2
754.000;1646220244862195.0
748.000;1646220247011761.0
754.000;1646220247530627.0
754.000;1646220248654318.5
756.000;1646220248839500.8
754.000;1646220249031831.5
758.000;1646220249966671.0
757.000;1646220253906417.0
757.000;1646220254185220.2
758.000;1646220254701282.5
758.000;1646220254944866.8
752.000;1646220255075606.8
757.000;1646220255593582.0
758.000;1646220255919662.8
756.000;1646220256110386.8
756.000;1646220260940027.8
758.000;1646220262160628.5
757.000;1646220263270965.2
757.000;1646220263417436.0
760.000;1646220268191586.8
760.000;1646220270328147.8
763.000;1646220274594658.5
759.000;1646220275046634.5
760.000;1646220275611546.8
759.000;1646220278155856.2
758.000;1646220278641005.8
757.000;1646220278874611.8
759.000;1646220280263288.8
759.000;1646220281396056.8
759.000;1646220281590554.0
758.000;1646220282153530.8
760.000;1646220282827013.8
761.000;1646220282938480.8
762.000;1646220283248514.0
758.000;1646220284419971.8
759.000;1646220284696681.8
760.000;1646220284881449.8
761.000;1646220286527238.5
762.000;1646220287893690.5
761.000;1646220289003832.8
766.000;1646220290718511.2
766.000;1646220291909065.5
770.000;1646220294405229.0
772.000;1646220296586857.8
772.000;1646220297501816.8
769.000;1646220297734326.8
772.000;1646220300082363.5
770.000;1646220300271543.2
772.000;1646220300747546.2
768.000;1646220301438183.2
770.000;1646220302380360.0
769.000;1646220304718597.5
769.000;1646220304953428.8
771.000;1646220305422523.2
769.000;1646220305937523.5
766.000;1646220306876365.2
768.000;1646220307578620.0
768.000;1646220307911672.2
766.000;1646220308234700.2
769.000;1646220308609273.2
768.000;1646220310063965.0
766.000;1646220310393709.5
760.000;1646220310691050.8
766.000;1646220311422471.5
766.000;1646220312875086.2
766.000;1646220315219346.5
766.000;1646220315640860.8
764.000;1646220315781506.8
765.000;1646220316343924.0
765.000;1646220316735158.2
760.000;1646220317656766.2
766.000;1646220318179500.2
765.000;1646220318361562.2
766.000;1646220319732459.2
766.000;1646220328594803.5
769.000;1646220332631227.5
770.000;1646220337592338.0
773.000;1646220340064070.5
765.000;1646220362296594.2
761.000;1646220370715908.0
770.000;1646220377154821.8
766.000;1646220377419583.5
773.000;1646220378360923.8
770.000;1646220379227466.2
770.000;1646220380073158.0
772.000;1646220385136861.0
770.000;1646220385467949.5
769.000;1646220398628065.0
773.000;1646220405116744.2
769.000;1646220411756500.0
768.000;1646220415232382.2
766.000;1646220431144509.0
769.000;1646220437536414.8
765.000;1646220439604553.0
768.000;1646220440554970.8
768.000;1646220441826241.5
768.000;1646220444914729.5
765.000;1646220447298410.5
769.000;1646220449586737.5
772.000;1646220450573677.8
766.000;1646220451608548.2
775.000;1646220452582528.8
772.000;1646220459576809.8
775.000;1646220461076879.5
769.000;1646220464068085.8
774.000;1646220464588945.2
772.000;1646220468100576.0
771.000;1646220469620563.0
765.000;1646220482617675.5
773.000;1646220483003865.2
770.000;1646220484458543.5
765.000;1646220489193005.0
770.000;1646220491297404.0
770.000;1646220494971594.5
768.000;1646220498139370.8
773.000;1646220498508014.2
772.000;1646220498839540.5
769.000;1646220500031752.8
769.000;1646220513593373.8
772.000;1646220514101937.5
773.000;1646220515091385.2
768.000;1646220517621745.8
768.000;1646220518086551.5
773.000;1646220519129300.8
771.000;1646220520621530.8
771.000;1646220520708987.5
773.000;1646220521602419.8
773.000;1646220523100317.2
772.000;1646220535427678.8
775.000;1646220546800476.8
775.000;1646220547142413.5
774.000;1646220547752353.0
775.000;1646220550001321.5
773.000;1646220553244575.2
774.000;1646220553684791.0
774.000;1646220554337076.0
775.000;1646220556608026.8
775.000;1646220558971461.5
775.000;1646220559631009.0
774.000;1646220560130921.5
774.000;1646220560584455.2
775.000;1646220560687451.5
774.000;1646220562127087.8
774.000;1646220562695388.2
773.000;1646220563627529.2
766.000;1646220563768342.5
774.000;1646220565220013.8
766.000;1646220566611046.2
770.000;1646220568667743.2
773.000;1646220568868845.2
770.000;1646220569665531.5
765.000;1646220571164280.8
762.000;1646220575236224.5
758.000;1646220578791349.2
759.000;1646220579566111.2
759.000;1646220580061518.2
754.000;1646220581039219.8
753.000;1646220585019816.0
753.000;1646220586095767.0
753.000;1646220586574647.8
750.000;1646220591676385.2
749.000;1646220594605043.2
749.000;1646220595382171.2
745.000;1646220598094447.8
748.000;1646220598228236.2
748.000;1646220599406167.0
750.000;1646220599543996.2
749.000;1646220599869414.5
748.000;1646220600010317.5
748.000;1646220600201953.2
748.000;1646220600290014.0
748.000;1646220600384723.5
750.000;1646220602119704.2
744.000;1646220602920349.2
742.000;1646220607787046.8
740.000;1646220607973457.0
744.000;1646220608676853.8
738.000;1646220618840996.0
736.000;1646220625627683.8
734.000;1646220637559264.5
735.000;1646220638180295.8
735.000;1646220638448950.0
736.000;1646220640277730.5
736.000;1646220641558818.8
728.000;1646220643746167.0
735.000;1646220645013715.8
729.000;1646220648319785.2
732.000;1646220648994195.8
734.000;1646220649337438.5
732.000;1646220653697219.5
730.000;1646220664827930.5
730.000;1646220665181816.8
729.000;1646220677001430.2
733.000;1646220677153443.5
730.000;1646220678844449.0
729.000;1646220679207489.8
729.000;1646220680258994.8
730.000;1646220682142951.2
728.000;1646220683091303.5
728.000;1646220685482106.2
729.000;1646220685763877.5
734.000;1646220687598869.8
729.000;1646220687789642.8
730.000;1646220694956505.0
730.000;1646220696039586.0
730.000;1646220697009306.5
732.000;1646220698376586.8
729.000;1646220698840269.8
732.000;1646220699345389.8
732.000;1646220702967156.8
730.000;1646220709823829.8
726.000;1646220710027322.5
729.000;1646220715079171.8
728.000;1646220722682516.2
729.000;1646220722846626.5
729.000;1646220733026109.5
728.000;1646220737432115.8
729.000;1646220738346290.0
729.000;1646220738533354.2
728.000;1646220739187529.5
729.000;1646220739392197.5
729.000;1646220740424152.0
732.000;1646220761015102.0
727.000;1646220761249205.0
728.000;1646220770567385.2
726.000;1646220771571990.0
729.000;1646220772067789.5
729.000;1646220776576862.8
729.000;1646220784564353.2
728.000;1646220792468704.8
729.000;1646220792607970.0
727.000;1646220793794670.0
728.000;1646220797260493.2
727.000;1646220797423250.5
730.000;1646220797698164.2
722.000;1646220798006791.0
730.000;1646220799234319.8
728.000;1646220800070690.2
736.000;1646220836044050.0
728.000;1646220836869830.0
726.000;1646220840766463.0
733.000;1646220841523701.0
737.000;1646220844524812.8
729.000;1646220846611405.0
736.000;1646220847101959.2
736.000;1646220847575641.0
745.000;1646220854131662.8
749.000;1646220855540168.2
752.000;1646220856990592.0
754.000;1646220857158615.2
758.000;1646220858528411.8
760.000;1646220860259193.5
762.000;1646220861705213.0
761.000;1646220861832303.0
769.000;1646220867787390.8
778.000;1646220877027728.0
777.000;1646220880721592.5
777.000;1646220883772715.2
777.000;1646220888501502.0
780.000;1646220890050623.8
778.000;1646220891033483.0
780.000;1646220891554062.5
782.000;1646220892017379.0
780.000;1646220895952512.8
780.000;1646220896050111.5
780.000;1646220896573720.2
782.000;1646220897503106.5
782.000;1646220899002688.0
777.000;1646220903035271.0
777.000;1646220906500771.8
778.000;1646220907016511.2
775.000;1646220907544006.0
776.000;1646220908790923.0
775.000;1646220909781152.2
777.000;1646220917292444.2
776.000;1646220917393098.5
770.000;1646220917566926.2
775.000;1646220919543479.5
776.000;1646220919891777.2
775.000;1646220943162028.5
752.000;1646220972552778.2
749.000;1646220973530336.8
746.000;1646220975606901.0
745.000;1646220977268379.2
745.000;1646220977658841.2
742.000;1646220977989975.5
744.000;1646220978358368.8
744.000;1646220979541662.0
730.000;1646221012488237.8
733.000;1646221013253077.8
733.000;1646221020569454.8
728.000;1646221024036755.0
729.000;1646221027275945.0
729.000;1646221027569548.5
729.000;1646221029250870.5
729.000;1646221033426635.0
735.000;1646221034549802.8
733.000;1646221037293804.2
733.000;1646221038353640.5
730.000;1646221038714387.2
730.000;1646221041338817.5
730.000;1646221043277111.5
729.000;1646221054692226.0
728.000;1646221079015913.5
726.000;1646221084049117.8
726.000;1646221088073314.8
727.000;1646221094528808.8
726.000;1646221096901286.2
726.000;1646221097271252.8
725.000;1646221099208143.0
728.000;1646221109446614.5
725.000;1646221126556851.5
727.000;1646221128802978.8
728.000;1646221130447650.5
725.000;1646221138835788.2
725.000;1646221140511709.0
726.000;1646221148772704.0
727.000;1646221157313493.8
726.000;1646221157583807.0
725.000;1646221158163995.2
726.000;1646221158363827.5
727.000;1646221158694762.5
724.000;1646221158907978.5
727.000;1646221160571433.8
724.000;1646221162469628.2
725.000;1646221163879425.5
727.000;1646221164029397.0
725.000;1646221164437969.8
726.000;1646221166214817.2
726.000;1646221166388322.2
726.000;1646221167751416.0
720.000;1646221168068374.8
726.000;1646221187012829.0
727.000;1646221199371578.5
726.000;1646221201060984.0
727.000;1646221201198586.8
724.000;1646221201622286.0
722.000;1646221201902378.8
728.000;1646221202044990.8
721.000;1646221202236688.0
728.000;1646221202323075.5
727.000;1646221203358339.8
728.000;1646221203871957.8
730.000;1646221203969670.2
727.000;1646221204479903.2
727.000;1646221205016883.0
728.000;1646221205182934.8
727.000;1646221205884709.5
726.000;1646221206356433.0
728.000;1646221206499016.0
727.000;1646221207152666.0
728.000;1646221207996789.5
723.000;1646221208183073.5
728.000;1646221208978229.0
728.000;1646221209075203.0
729.000;1646221209401687.8
732.000;1646221209967132.8
729.000;1646221210712037.2
734.000;1646221210997416.2
730.000;1646221211744527.0
733.000;1646221212305867.2
730.000;1646221212500276.0
728.000;1646221213384548.2
735.000;1646221213494783.5
735.000;1646221214417101.0
728.000;1646221215037993.0
736.000;1646221215124816.8
735.000;1646221215774466.0
735.000;1646221216150706.2
735.000;1646221216526171.8
737.000;1646221217664857.0
736.000;1646221218347363.0
737.000;1646221219900043.8
738.000;1646221220287753.8
746.000;1646221222467403.0
744.000;1646221222990082.0
745.000;1646221223503198.8
740.000;1646221225000674.8
744.000;1646221225476144.5
746.000;1646221231180117.5
739.000;1646221231417586.0
746.000;1646221231695348.0
751.000;1646221240742249.2
749.000;1646221243271799.8
748.000;1646221243467645.8
748.000;1646221253582346.8
741.000;1646221258449088.5
746.000;1646221261083621.2
747.000;1646221262774638.8
747.000;1646221263523037.5
747.000;1646221266021421.0
747.000;1646221267282602.5
747.000;1646221267526690.2
748.000;1646221267751507.2
749.000;1646221271022116.0
749.000;1646221271394629.5
750.000;1646221272410577.8
758.000;1646221277025416.0
750.000;1646221277263803.2
752.000;1646221279745817.0
750.000;1646221287999712.2
752.000;1646221288990042.2
756.000;1646221289975402.2
748.000;1646221290999813.0
751.000;1646221294669184.5
752.000;1646221307461258.2
752.000;1646221315251156.0
742.000;1646221322742381.2
746.000;1646221332162365.2
740.000;1646221335012943.0
741.000;1646221338023998.0
738.000;1646221338720442.5
737.000;1646221340419221.2
735.000;1646221344480428.0
734.000;1646221346713287.5
733.000;1646221347057698.0
732.000;1646221347164863.8
725.000;1646221347535121.8
729.000;1646221347994303.2
734.000;1646221350483437.8
729.000;1646221351086030.8
728.000;1646221367401347.2
728.000;1646221367689553.8
729.000;1646221370057085.5
728.000;1646221371090362.2
729.000;1646221371399182.5
730.000;1646221375638411.8
729.000;1646221396173212.5
729.000;1646221400540939.8
730.000;1646221401524144.0
729.000;1646221406481509.2
728.000;1646221406579543.5
727.000;1646221408808151.2
728.000;1646221409315796.5
734.000;1646221410438767.8
729.000;1646221413450477.0
724.000;1646221424459451.0
727.000;1646221438514503.5
726.000;1646221438603295.5
726.000;1646221444653015.2
725.000;1646221444744157.8
725.000;1646221445258338.8
727.000;1646221452946251.8
725.000;1646221455056693.0
725.000;1646221456906521.2
726.000;1646221457169401.0
726.000;1646221457300052.2
727.000;1646221457533422.0
720.000;1646221457704642.5
727.000;1646221457837924.8
726.000;1646221458368242.8
726.000;1646221459559344.2
725.000;1646221462487878.0
726.000;1646221462963684.2
727.000;1646221464462165.8
725.000;1646221470972004.0
722.000;1646221508892959.5
724.000;1646221508932995.5
725.000;1646221508933809.5
724.000;1646221508976487.5
723.000;1646221509274350.0
725.000;1646221510771781.0
727.000;1646221517995895.0
725.000;1646221518202600.8
726.000;1646221519388371.2
727.000;1646221531202801.8
727.000;1646221538467962.0
727.000;1646221539169868.2
727.000;1646221540445776.2
726.000;1646221540577669.2
735.000;1646221577305003.8
730.000;1646221577673396.2
741.000;1646221587451618.8
738.000;1646221593466429.0
739.000;1646221594957153.2
734.000;1646221596836824.8
737.000;1646221598193882.5
734.000;1646221602317917.5
738.000;1646221604408099.5
739.000;1646221605871580.8
740.000;1646221607230187.5
741.000;1646221618615676.0
741.000;1646221619034540.0
741.000;1646221622504143.0
740.000;1646221622738738.5
746.000;1646221637158768.0
745.000;1646221638527613.2
739.000;1646221638899304.5
744.000;1646221639675809.0
745.000;1646221640385721.8
739.000;1646221648600678.0
746.000;1646221653566869.5
745.000;1646221657239239.8
747.000;1646221657564820.0
746.000;1646221659556523.8
746.000;1646221664043001.5
746.000;1646221664878069.5
739.000;1646221665681366.5
748.000;1646221667512053.0
746.000;1646221671349831.0
746.000;1646221672052383.8
745.000;1646221672571983.2
746.000;1646221674121020.5
747.000;1646221675754220.0
747.000;1646221677204552.0
748.000;1646221684046714.8
747.000;1646221685203381.5
747.000;1646221685393661.5
747.000;1646221685508071.2
729.000;1646221699174545.2
728.000;1646221700475748.2
728.000;1646221700822214.5
729.000;1646221703318762.0
727.000;1646221704994222.0
728.000;1646221706118104.0
730.000;1646221710016659.5
734.000;1646221713996037.8
732.000;1646221714983998.0
728.000;1646221715076769.2
734.000;1646221715504538.0
727.000;1646221716525047.5
729.000;1646221717511442.0
732.000;1646221719016316.2
727.000;1646221719574237.8
725.000;1646221720983367.0
727.000;1646221722526295.8
727.000;1646221724591501.2
726.000;1646221725018356.0
728.000;1646221725479332.2
722.000;1646221727029404.0
726.000;1646221727502296.8
727.000;1646221728339455.5
726.000;1646221729070711.5
726.000;1646221729468879.2
727.000;1646221730966125.2
723.000;1646221739685931.5
724.000;1646221739825951.8
726.000;1646221747561899.2
725.000;1646221749951165.8
723.000;1646221750044124.8
724.000;1646221751738229.5
724.000;1646221753735655.8
725.000;1646221753964687.2
724.000;1646221755553246.2
723.000;1646221758720257.5
724.000;1646221759227044.5
725.000;1646221764152280.0
727.000;1646221772455097.8
724.000;1646221775627233.0
724.000;1646221775636386.5
724.000;1646221775637229.0
722.000;1646221776338280.0
725.000;1646221776430583.2
725.000;1646221776538521.0
723.000;1646221776677367.0
722.000;1646221777479101.2
723.000;1646221778659723.2
725.000;1646221779543378.8
728.000;1646221781516644.2
722.000;1646221787320593.2
717.000;1646221787814082.0
723.000;1646221788704264.5
726.000;1646221790513885.5
725.000;1646221791876626.0
726.000;1646221793586069.5
725.000;1646221801580984.0
724.000;1646221802809666.2
723.000;1646221817273773.2
725.000;1646221818723903.0
726.000;1646221819227704.0
725.000;1646221819716025.0
726.000;1646221820105358.8
725.000;1646221820497934.0
726.000;1646221821737088.8
727.000;1646221825157659.0
726.000;1646221833546740.5
726.000;1646221834177514.0
726.000;1646221834700643.0
726.000;1646221834875519.5
726.000;1646221835427254.2
724.000;1646221836134660.8
728.000;1646221836552121.8
726.000;1646221836880672.5
729.000;1646221837379359.0
725.000;1646221837601056.2
727.000;1646221839185614.8
724.000;1646221839468462.2
728.000;1646221839656225.5
726.000;1646221846880483.5
725.000;1646221847545388.8
722.000;1646221849049246.5
725.000;1646221853034328.5
722.000;1646221854607566.5
725.000;1646221855051124.8
726.000;1646221855562453.8
726.000;1646221857480596.8
724.000;1646221860822056.0
724.000;1646221861323721.0
725.000;1646221862105594.8
724.000;1646221863669368.2
724.000;1646221863866781.0
724.000;1646221863977458.2
717.000;1646221864744175.2
722.000;1646221865395172.5
724.000;1646221865984848.5
721.000;1646221872585456.2
725.000;1646221873394668.5
725.000;1646221873803446.2
722.000;1646221873901729.8
724.000;1646221874212843.5
724.000;1646221874321205.2
724.000;1646221874426823.0
721.000;1646221874882936.8
721.000;1646221875094685.0
718.000;1646221875110645.8
720.000;1646221875111561.8
718.000;1646221875122943.8
722.000;1646221878569880.2
721.000;1646221879752253.5
715.000;1646221879924456.0
721.000;1646221888785832.5
723.000;1646221888804276.8
721.000;1646221889122532.5
722.000;1646221889669046.8
726.000;1646221904993771.5
725.000;1646221905324962.2
727.000;1646221905544288.8
723.000;1646221906095035.2
725.000;1646221907036516.8
723.000;1646221907406035.8
723.000;1646221907513189.2
716.000;1646221908130137.0
720.000;1646221908950934.2
724.000;1646221909227393.2
724.000;1646221909543357.5
721.000;1646221909670885.2
724.000;1646221910148242.8
725.000;1646221910745075.2
721.000;1646221910888821.0
727.000;1646221911561898.0
725.000;1646221912492083.8
722.000;1646221913053136.8
723.000;1646221913529437.2
726.000;1646221914509688.8
725.000;1646221915132644.0
722.000;1646221918039877.0
721.000;1646221918498272.8
726.000;1646221919521851.5
725.000;1646221920511473.8
716.000;1646221920694987.2
725.000;1646221921024591.5
721.000;1646221921547436.5
722.000;1646221922530081.5
720.000;1646221927594470.2
721.000;1646221932503407.5
720.000;1646221937993934.5
721.000;1646221938211093.0
721.000;1646221939213799.0
722.000;1646221940252873.8
721.000;1646221962916431.0
722.000;1646221963318501.5
722.000;1646221964445917.5
724.000;1646221976207467.5
725.000;1646221977418697.0
726.000;1646221978519008.2
727.000;1646221980548815.5
727.000;1646221981478091.5
728.000;1646221983112773.0
726.000;1646221984063478.0
726.000;1646221985521829.0
728.000;1646221986018337.0
734.000;1646221991276729.8
736.000;1646221997423968.8
738.000;1646221999916593.5
746.000;1646222006184725.2
746.000;1646222007551164.0
745.000;1646222007894393.5
748.000;1646222008584803.0
747.000;1646222008962657.2
750.000;1646222015703013.5
753.000;1646222015899973.8
753.000;1646222016727484.8
754.000;1646222017037779.0
759.000;1646222021456754.0
761.000;1646222021898309.2
758.000;1646222022107792.8
758.000;1646222022352999.5
759.000;1646222023418106.2
763.000;1646222028539450.0
761.000;1646222029559489.5
766.000;1646222035850320.0
766.000;1646222036614984.5
765.000;1646222036892685.0
766.000;1646222037489140.0
768.000;1646222038024934.5
769.000;1646222038537113.0
768.000;1646222038661823.5
770.000;1646222042785735.2
769.000;1646222044808239.0
773.000;1646222046036753.8
775.000;1646222047992806.2
768.000;1646222057163246.0
775.000;1646222057994791.2
776.000;1646222058703233.5
789.000;1646222103030612.5
797.000;1646222106992785.2
784.000;1646222109617974.2
769.000;1646222120296635.8
756.000;1646222128282008.2
756.000;1646222128572550.2
753.000;1646222128771867.8
753.000;1646222129829172.5
753.000;1646222130110173.5
752.000;1646222130221291.8
750.000;1646222130517444.5
750.000;1646222130897432.0
748.000;1646222138110140.2
747.000;1646222138772628.0
746.000;1646222139944291.0
745.000;1646222143787209.2
745.000;1646222145334433.5
739.000;1646222147068123.0
739.000;1646222147301679.8
738.000;1646222147679765.0
738.000;1646222148520778.5
735.000;1646222149458278.5
738.000;1646222149552654.0
736.000;1646222150770937.5
735.000;1646222151567464.8
736.000;1646222152832742.0
736.000;1646222156119107.8
735.000;1646222157536160.8
732.000;1646222158551590.2
734.000;1646222159026929.8
734.000;1646222159723222.2
737.000;1646222163482393.5
732.000;1646222164555044.0
732.000;1646222165723273.2
732.000;1646222166051140.5
730.000;1646222166241013.5
729.000;1646222167034907.8
728.000;1646222167784796.2
729.000;1646222168020813.2
729.000;1646222168910026.5
728.000;1646222170552252.5
729.000;1646222172051475.5
730.000;1646222175218901.5
728.000;1646222175532712.8
727.000;1646222175800728.5
727.000;1646222176080651.5
727.000;1646222176907213.5
726.000;1646222179385921.5
727.000;1646222180450421.8
722.000;1646222189361457.0
727.000;1646222194000092.2
722.000;1646222210312781.8
725.000;1646222218617922.5
721.000;1646222230278332.8
718.000;1646222234030533.0
721.000;1646222237711921.2
721.000;1646222238563060.2
720.000;1646222238895686.2
721.000;1646222239002826.2
721.000;1646222239322763.0
720.000;1646222240042727.8
721.000;1646222242692716.2
724.000;1646222262037614.8
721.000;1646222263742870.0
723.000;1646222264119943.2
722.000;1646222264481551.0
723.000;1646222264812555.5
721.000;1646222266028181.8
725.000;1646222272965062.8
724.000;1646222274046535.5
723.000;1646222278779002.2
724.000;1646222279199154.8
723.000;1646222279903671.8
725.000;1646222280011669.2
722.000;1646222280794704.2
725.000;1646222281214761.0
722.000;1646222281824652.5
725.000;1646222282010836.0
722.000;1646222282760114.5
723.000;1646222285588777.2
724.000;1646222287401285.8
722.000;1646222288015377.8
722.000;1646222288612146.0
720.000;1646222293504884.5
722.000;1646222295518234.5
721.000;1646222299435413.0
721.000;1646222306844003.5
721.000;1646222307954174.8
721.000;1646222335698593.8
721.000;1646222341019271.8
720.000;1646222343510634.8
724.000;1646222347486691.2
721.000;1646222348514991.8
720.000;1646222349029653.5
721.000;1646222355234256.0
721.000;1646222357148314.0
721.000;1646222358188124.8
726.000;1646222359522162.8
720.000;1646222360972306.0
718.000;1646222361112699.0
724.000;1646222413188141.5
724.000;1646222413612381.2
722.000;1646222414125368.2
728.000;1646222417815200.2
726.000;1646222418028493.5
728.000;1646222418541241.0
728.000;1646222420219556.5
732.000;1646222421582847.8
734.000;1646222422094565.8
736.000;1646222424069635.2
736.000;1646222424588101.2
736.000;1646222425619696.5
765.000;1646222468088329.0
769.000;1646222477318589.0
774.000;1646222478184430.8
769.000;1646222480423468.5
771.000;1646222485581988.5
772.000;1646222485707141.2
772.000;1646222487112946.8
769.000;1646222489552025.2
769.000;1646222490606989.8
772.000;1646222497984803.0
773.000;1646222502909043.0
778.000;1646222513780646.5
777.000;1646222519828552.5
778.000;1646222519971380.8
772.000;1646222526133428.2
757.000;1646222529374541.5
751.000;1646222531179348.5
752.000;1646222532110330.5
749.000;1646222533662996.2
748.000;1646222534664602.5
748.000;1646222537577089.0
745.000;1646222538980901.5
747.000;1646222539330210.8
740.000;1646222540662597.5
729.000;1646222550683118.8
735.000;1646222551109466.0
726.000;1646222560151232.0
720.000;1646222569531535.5
720.000;1646222570052074.0
720.000;1646222575308611.5
721.000;1646222576280980.8
720.000;1646222577783835.0
721.000;1646222587297730.0
721.000;1646222594753977.5
720.000;1646222598379368.0
718.000;1646222599852822.2
725.000;1646222601089678.0
721.000;1646222601641446.2
720.000;1646222602626630.8
721.000;1646222602857255.0
721.000;1646222603561459.2
718.000;1646222604122279.2
722.000;1646222604591951.8
721.000;1646222605620879.2
721.000;1646222606103956.5
718.000;1646222606614799.5
718.000;1646222607148541.2
718.000;1646222607590255.5
720.000;1646222608313203.2
717.000;1646222608551287.5
720.000;1646222608863473.8
718.000;1646222609301558.0
718.000;1646222609429691.5
718.000;1646222609932264.5
716.000;1646222613502100.0
716.000;1646222613509212.8
718.000;1646222613510863.8
721.000;1646222613886917.2
718.000;1646222615116886.5
720.000;1646222615625837.0
722.000;1646222616108197.5
718.000;1646222627129015.2
717.000;1646222627497448.5
717.000;1646222632654178.0
716.000;1646222644333524.2
712.000;1646222646061180.2
716.000;1646222655369655.8
718.000;1646222658005660.2
718.000;1646222658204064.0
714.000;1646222658993077.0
718.000;1646222659374493.8
716.000;1646222659900043.5
718.000;1646222660224246.0
716.000;1646222662616093.2
715.000;1646222663247831.8
715.000;1646222665822719.5
716.000;1646222668022980.2
715.000;1646222675445622.5
717.000;1646222676621289.8
716.000;1646222677628580.5
720.000;1646222678599999.8
715.000;1646222681117468.8
715.000;1646222692694874.0
716.000;1646222694668720.8
717.000;1646222697193308.2
715.000;1646222708632097.0
715.000;1646222711214163.0
715.000;1646222717154607.8
715.000;1646222717422766.5
715.000;1646222720434936.5
716.000;1646222731604000.0
715.000;1646222732631082.5
713.000;1646222746841626.0
713.000;1646222748152905.2
714.000;1646222752223786.2
715.000;1646222754666245.2
712.000;1646222754855390.5
712.000;1646222755419964.0
716.000;1646222760383719.2
715.000;1646222760758493.2
716.000;1646222768679217.2
716.000;1646222769860002.0
716.000;1646222771681212.5
710.000;1646222772090691.2
715.000;1646222772521635.5
715.000;1646222772697006.5
710.000;1646222773152082.2
716.000;1646222773167499.5
715.000;1646222773168402.8
712.000;1646222776330134.0
711.000;1646222776881793.8
712.000;1646222777013903.5
711.000;1646222777027359.5
710.000;1646222777173122.2
711.000;1646222777302363.5
712.000;1646222777320440.5
712.000;1646222777417611.0
715.000;1646222778341903.5
710.000;1646222778864619.0
710.000;1646222779228313.2
712.000;1646222779401500.8
711.000;1646222779570115.0
712.000;1646222779576106.8
713.000;1646222779577002.0
712.000;1646222779722537.0
712.000;1646222780255538.2
709.000;1646222780465853.5
715.000;1646222787413032.5
716.000;1646222788650280.0
716.000;1646222794648941.0
716.000;1646222796145234.0
716.000;1646222797644718.2
717.000;1646222800648352.2
720.000;1646222803134890.8
720.000;1646222804651350.5
725.000;1646222814198097.8
722.000;1646222815616772.8
723.000;1646222816574063.5
729.000;1646222827770537.5
732.000;1646222829083136.0
728.000;1646222830760146.5
729.000;1646222831082155.5
728.000;1646222832882599.8
729.000;1646222837149880.2
728.000;1646222837723349.2
729.000;1646222838216387.2
729.000;1646222839610544.5
732.000;1646222847142245.2
728.000;1646222850503984.0
729.000;1646222851643215.5
729.000;1646222852143693.8
727.000;1646222862640511.8
723.000;1646222867146867.5
728.000;1646222887957142.5
732.000;1646222897461023.8
732.000;1646222899025877.2
733.000;1646222899591926.0
725.000;1646222953181196.2
724.000;1646222953368388.8
725.000;1646222953467648.0
726.000;1646222953795915.8
724.000;1646222953883860.0
723.000;1646222954314476.5
722.000;1646222954729530.2
721.000;1646222955179714.2
723.000;1646222955196021.0
723.000;1646222955197484.2
722.000;1646222955928452.2
723.000;1646222955943783.8
723.000;1646222955944825.8
720.000;1646222958419467.8
721.000;1646222958420939.8
723.000;1646222958422401.0
720.000;1646222958423639.8
722.000;1646222958424989.5
718.000;1646222958426060.2
717.000;1646222958427063.5
717.000;1646222958427995.5
718.000;1646222958429793.8
720.000;1646222958430970.8
721.000;1646222958432098.0
718.000;1646222958433214.0
717.000;1646222958434388.0
720.000;1646222958435543.2
721.000;1646222958436718.8
718.000;1646222958437861.0
718.000;1646222958440366.2
718.000;1646222958441460.8
717.000;1646222958442663.5
717.000;1646222958443814.0
720.000;1646222958444719.0
718.000;1646222958445635.2
718.000;1646222958446660.8
718.000;1646222958447544.8
721.000;1646222958448442.2
720.000;1646222958449378.2
720.000;1646222958450212.8
718.000;1646222958450948.2
718.000;1646222958451822.5
718.000;1646222958452581.2
714.000;1646222958453351.8
720.000;1646222958454131.0
718.000;1646222958454908.2
718.000;1646222958455688.0
717.000;1646222958456848.2
720.000;1646222958457740.5
720.000;1646222958459168.0
720.000;1646222958460098.8
717.000;1646222958461098.5
727.000;1646222958462029.8
718.000;1646222958462959.5
716.000;1646222958463857.8
718.000;1646222958464760.2
718.000;1646222958465681.0
720.000;1646222958554759.2
718.000;1646222958726179.5
721.000;1646222958910202.8
721.000;1646222959046995.0
720.000;1646222959215477.8
718.000;1646222959226644.2
718.000;1646222959377344.8
720.000;1646222959562973.8
721.000;1646222959570850.8
721.000;1646222959571768.0
721.000;1646222959720841.2
720.000;1646222959742473.0
720.000;1646222959743509.8
717.000;1646222959757030.2
720.000;1646222963685903.2
718.000;1646222965326490.2
720.000;1646222974169562.2
711.000;1646222974735778.2
716.000;1646222979357506.5
715.000;1646222979911466.5
716.000;1646222980141177.8
716.000;1646222980793064.0
716.000;1646222981084034.5
716.000;1646222982573289.2
716.000;1646222984072742.2
716.000;1646222987122568.5
717.000;1646222991628356.8
714.000;1646222993585388.0
713.000;1646222994456533.2
712.000;1646222995120904.8
715.000;1646222996536554.5
715.000;1646222996862278.5
715.000;1646222998641589.0
715.000;1646223002473678.8
716.000;1646223007509700.2
717.000;1646223010630525.8
715.000;1646223017589174.8
715.000;1646223018172872.0
713.000;1646223018523060.5
713.000;1646223019916904.2
714.000;1646223020248066.2
712.000;1646223028602587.8
712.000;1646223029070063.2
711.000;1646223029772185.0
711.000;1646223033382666.5
712.000;1646223036664600.8
712.000;1646223037650649.0
712.000;1646223042059932.8
713.000;1646223042991236.8
714.000;1646223044635721.0
712.000;1646223045806876.5
712.000;1646223046138867.2
712.000;1646223047028425.5
711.000;1646223048962860.8
714.000;1646223051005467.5
714.000;1646223063262214.2
713.000;1646223076580476.0
713.000;1646223078368847.2
712.000;1646223078385661.8
712.000;1646223078386466.2
713.000;1646223078571369.2
712.000;1646223079736718.8
711.000;1646223101130921.8
712.000;1646223101614736.2
715.000;1646223102598747.8
710.000;1646223103630203.8
715.000;1646223104112814.8
712.000;1646223107617466.2
716.000;1646223108605171.0
715.000;1646223117601028.0
717.000;1646223120603997.5
706.000;1646223131746466.5
712.000;1646223135473215.2
710.000;1646223137156657.5
710.000;1646223138911705.0
712.000;1646223139216851.8
715.000;1646223161078589.2
710.000;1646223169140385.2
712.000;1646223175084402.5
711.000;1646223178082107.0
710.000;1646223183665739.8
708.000;1646223193812340.0
709.000;1646223196919741.0
709.000;1646223197568947.0
709.000;1646223197872132.0
704.000;1646223198212956.8
708.000;1646223209562494.5
704.000;1646223225609287.8
709.000;1646223227931774.5
708.000;1646223232296481.2
709.000;1646223236618006.5
710.000;1646223238105545.0
708.000;1646223242652934.2
702.000;1646223244619812.5
708.000;1646223246739110.2
708.000;1646223248893421.2
701.000;1646223258204686.2
700.000;1646223259054761.0
708.000;1646223259254855.5
708.000;1646223263247187.2
703.000;1646223276225208.5
708.000;1646223277963561.8
709.000;1646223288092825.8
710.000;1646223292404821.8
709.000;1646223298962482.8
709.000;1646223299612265.2
709.000;1646223299795994.8
709.000;1646223302563246.8
710.000;1646223303974621.8
709.000;1646223307649888.8
708.000;1646223309124084.5
708.000;1646223312083318.5
708.000;1646223314044831.5
708.000;1646223314564107.2
708.000;1646223315462038.5
706.000;1646223317598594.8
708.000;1646223319381910.5
708.000;1646223341271256.5
708.000;1646223341659730.0
709.000;1646223341940518.2
709.000;1646223361101372.5
706.000;1646223363635249.0
706.000;1646223365134573.0
709.000;1646223368553298.8
709.000;1646223373144569.5
708.000;1646223375536421.2
708.000;1646223377846973.0
700.000;1646223389630859.0
709.000;1646223395496380.8
706.000;1646223423661302.0
708.000;1646223424123006.5
703.000;1646223428576984.2
708.000;1646223431164784.8
703.000;1646223433924871.2
708.000;1646223435515434.0
708.000;1646223436096123.8
705.000;1646223436176898.8
706.000;1646223437190209.0
706.000;1646223438730296.5
708.000;1646223438930549.5
708.000;1646223440225480.0
706.000;1646223440470721.8
705.000;1646223455194394.0
706.000;1646223456595702.8
706.000;1646223458010702.2
704.000;1646223458679567.5
706.000;1646223459010801.8
704.000;1646223459653261.0
696.000;1646223459739740.2
706.000;1646223461615838.8
706.000;1646223461704560.0
705.000;1646223483612431.5
706.000;1646223491111020.8
709.000;1646223496080182.0
705.000;1646223496630089.2
706.000;1646223496911859.5
709.000;1646223497070920.2
705.000;1646223498005428.8
708.000;1646223499185095.8
704.000;1646223506691529.5
706.000;1646223521391837.2
705.000;1646223527660531.2
705.000;1646223534807848.8
708.000;1646223546797951.8
706.000;1646223547676727.0
705.000;1646223551118093.2
708.000;1646223552146271.8
704.000;1646223553135043.8
709.000;1646223553610138.5
709.000;1646223554588819.8
704.000;1646223555662502.8
706.000;1646223556645455.2
706.000;1646223557447657.5
705.000;1646223557837124.2
705.000;1646223558055827.8
708.000;1646223559182705.0
704.000;1646223559711692.0
704.000;1646223572994148.5
704.000;1646223603409217.8
706.000;1646223614616127.2
705.000;1646223630329362.5
703.000;1646223669638556.8
705.000;1646223676621083.8
706.000;1646223678023341.5
706.000;1646223679542162.0
709.000;1646223680225693.2
705.000;1646223680400401.8
706.000;1646223681892789.5
705.000;1646223682175503.2
