488.000;1646218197394191.2
379.000;1646218218675560.5
382.000;1646218220041546.8
382.000;1646218221140270.0
384.000;1646218221568056.2
387.000;1646218224375108.5
389.000;1646218225499711.5
389.000;1646218226110652.5
389.000;1646218226249030.8
393.000;1646218228688360.8
393.000;1646218228781661.8
396.000;1646218231502572.0
397.000;1646218231780072.0
396.000;1646218231880351.8
398.000;1646218232999661.8
401.000;1646218234565971.0
401.000;1646218234920478.2
401.000;1646218235583144.0
402.000;1646218236569308.5
402.000;1646218237080065.2
403.000;1646218238250445.0
403.000;1646218238344206.5
404.000;1646218239096337.0
405.000;1646218240084352.2
406.000;1646218241537022.2
406.000;1646218242098183.0
409.000;1646218242568497.8
408.000;1646218243592791.8
410.000;1646218243688440.0
410.000;1646218244068857.8
412.000;1646218247211187.8
413.000;1646218248375409.5
414.000;1646218249187492.2
414.000;1646218249360653.2
416.000;1646218251048755.2
414.000;1646218251141525.2
415.000;1646218251333165.5
417.000;1646218251566808.2
416.000;1646218251653776.0
418.000;1646218254046490.8
417.000;1646218254577861.8
422.000;1646218255551586.8
423.000;1646218255923367.2
423.000;1646218257562127.8
423.000;1646218258124890.8
426.000;1646218260046711.8
430.000;1646218265252972.5
430.000;1646218266563245.0
430.000;1646218267084740.8
430.000;1646218267179288.5
429.000;1646218267274975.8
430.000;1646218267738560.2
430.000;1646218267835409.0
432.000;1646218268539000.0
433.000;1646218269938050.5
433.000;1646218271630013.8
434.000;1646218271728512.2
434.000;1646218272346637.8
434.000;1646218272469040.5
435.000;1646218273654922.8
435.000;1646218273782375.8
436.000;1646218276389615.2
438.000;1646218279163163.0
439.000;1646218280401471.5
439.000;1646218280926961.0
439.000;1646218281117278.2
440.000;1646218284626548.5
446.000;1646218291471561.5
446.000;1646218293954774.8
447.000;1646218297330352.8
447.000;1646218297587955.5
447.000;1646218298173152.5
447.000;1646218298648710.2
449.000;1646218302067224.5
449.000;1646218302583064.8
449.000;1646218303576964.8
449.000;1646218304086925.8
450.000;1646218305095063.5
450.000;1646218306333076.5
450.000;1646218306569889.0
450.000;1646218308080438.2
450.000;1646218308182821.0
451.000;1646218312568153.8
452.000;1646218317067032.0
453.000;1646218319079549.0
456.000;1646218323492663.2
457.000;1646218323581298.0
457.000;1646218325411278.5
457.000;1646218327799979.5
459.000;1646218332400707.0
460.000;1646218334596432.0
460.000;1646218336835942.2
459.000;1646218336994296.8
459.000;1646218337251332.2
460.000;1646218338510573.8
461.000;1646218339700304.0
461.000;1646218340220330.0
461.000;1646218340467988.5
461.000;1646218343969700.0
464.000;1646218360254959.8
464.000;1646218360487483.2
464.000;1646218362829518.2
463.000;1646218363699548.8
464.000;1646218364597599.8
465.000;1646218365301864.5
465.000;1646218366160211.0
466.000;1646218370994577.5
466.000;1646218373633670.2
468.000;1646218380101747.8
469.000;1646218382599971.5
469.000;1646218382826072.5
471.000;1646218389206172.8
473.000;1646218397090702.8
473.000;1646218397970305.0
473.000;1646218399271226.2
473.000;1646218405395675.0
475.000;1646218405947984.8
474.000;1646218409753767.5
476.000;1646218414682556.8
476.000;1646218421372479.5
476.000;1646218423391849.5
476.000;1646218423729047.2
476.000;1646218423815096.0
475.000;1646218425021532.2
476.000;1646218425322677.5
476.000;1646218427943162.8
476.000;1646218428068514.8
477.000;1646218428279937.8
476.000;1646218428627111.0
477.000;1646218429084811.2
476.000;1646218430446648.2
477.000;1646218433073603.8
476.000;1646218434923222.8
477.000;1646218437746259.8
477.000;1646218440578790.8
478.000;1646218446822109.8
477.000;1646218447692856.2
478.000;1646218448836079.5
480.000;1646218450717383.0
480.000;1646218457488715.5
480.000;1646218458124036.2
478.000;1646218459452072.0
480.000;1646218460291952.8
480.000;1646218461593751.2
480.000;1646218463818294.0
480.000;1646218467729796.8
480.000;1646218468936886.8
481.000;1646218472284658.8
481.000;1646218486583974.0
480.000;1646218487050393.0
480.000;1646218488062408.0
481.000;1646218496562655.2
480.000;1646218496654668.5
483.000;1646218497594474.8
481.000;1646218497778974.8
482.000;1646218501441667.8
483.000;1646218506071772.5
483.000;1646218517508152.0
484.000;1646218517775599.8
483.000;1646218517965813.0
483.000;1646218519195729.8
484.000;1646218520435201.0
484.000;1646218520447912.8
483.000;1646218520449213.0
484.000;1646218522649372.8
483.000;1646218526443919.5
483.000;1646218528273778.5
484.000;1646218534111116.8
484.000;1646218534804977.8
485.000;1646218543296903.0
485.000;1646218545306390.8
485.000;1646218545401931.0
485.000;1646218545733611.2
486.000;1646218555683896.0
486.000;1646218558556572.2
486.000;1646218564926705.2
485.000;1646218566549033.5
486.000;1646218569609390.0
487.000;1646218572031715.8
486.000;1646218577241274.0
487.000;1646218579859935.5
486.000;1646218582226496.5
487.000;1646218583843721.8
487.000;1646218586140988.5
486.000;1646218587592799.0
486.000;1646218587873541.5
487.000;1646218589804799.5
486.000;1646218590826535.8
487.000;1646218590966030.8
486.000;1646218591587790.0
486.000;1646218594199421.5
488.000;1646218594389839.8
488.000;1646218604041536.5
487.000;1646218608590137.2
487.000;1646218611645461.5
487.000;1646218612973388.5
487.000;1646218614026051.8
487.000;1646218614588168.8
487.000;1646218616040310.8
487.000;1646218620538370.8
487.000;1646218621526626.8
487.000;1646218766880480.0
487.000;1646218767922807.2
489.000;1646218768743948.0
487.000;1646218769765299.5
489.000;1646218773680871.5
490.000;1646218773931585.5
492.000;1646218775047954.2
493.000;1646218779480777.2
492.000;1646218779864586.0
493.000;1646218782493175.2
493.000;1646218782985047.8
493.000;1646218784354523.2
492.000;1646218785984940.5
493.000;1646218787662114.5
492.000;1646218788522268.0
492.000;1646218789115725.8
493.000;1646218791812198.5
493.000;1646218792261342.2
490.000;1646218794696127.0
497.000;1646218798644030.2
495.000;1646218799668166.8
494.000;1646218800156904.5
493.000;1646218803690292.2
493.000;1646218803849245.2
493.000;1646218805633317.8
493.000;1646218806665576.2
494.000;1646218808294568.8
494.000;1646218809549030.8
492.000;1646218809727468.2
493.000;1646218810584447.0
494.000;1646218811719346.2
494.000;1646218812105134.5
494.000;1646218812178852.2
493.000;1646218813820385.5
494.000;1646218814242252.0
495.000;1646218817661667.5
495.000;1646218818658808.0
494.000;1646218820355380.5
494.000;1646218823820262.8
494.000;1646218826609733.8
495.000;1646218827243149.0
495.000;1646218828569617.2
495.000;1646218828886165.8
494.000;1646218829992221.8
495.000;1646218830720101.2
495.000;1646218831534095.2
494.000;1646218833691561.5
494.000;1646218834677960.0
495.000;1646218836221436.5
496.000;1646218843854163.0
496.000;1646218850490538.5
496.000;1646218850954157.2
496.000;1646218853462418.2
496.000;1646218853562174.8
496.000;1646218853700973.5
496.000;1646218857259145.5
497.000;1646218859883343.8
497.000;1646218861850947.5
497.000;1646218862836047.5
497.000;1646218864782886.0
497.000;1646218865816080.2
497.000;1646218867347203.0
497.000;1646218868705946.0
497.000;1646218868787543.5
497.000;1646218871239325.5
496.000;1646218873113926.2
496.000;1646218873474388.2
496.000;1646218873622949.5
497.000;1646218874286193.8
496.000;1646218874570910.2
496.000;1646218874806031.8
496.000;1646218875035305.8
497.000;1646218875229837.2
496.000;1646218875562419.5
496.000;1646218877796987.2
496.000;1646218885628433.5
497.000;1646218885761374.8
498.000;1646218897827961.8
497.000;1646218898809751.8
496.000;1646218907620304.2
496.000;1646218910588929.8
497.000;1646218911706990.8
497.000;1646218913139523.5
497.000;1646218915603491.5
497.000;1646218915940311.0
497.000;1646218916145833.2
497.000;1646218917571670.2
497.000;1646218917964804.5
497.000;1646218918242737.8
497.000;1646218918951784.2
497.000;1646218927705122.8
497.000;1646218930010324.2
497.000;1646218932565630.0
497.000;1646218937372096.5
497.000;1646218938140065.0
498.000;1646218938878717.2
497.000;1646218942078017.8
498.000;1646218943554072.5
498.000;1646218946741895.8
498.000;1646218952698567.5
498.000;1646218953037887.2
497.000;1646218954013486.5
497.000;1646218954147374.2
498.000;1646218957316211.8
498.000;1646218957551892.8
497.000;1646218969209461.5
499.000;1646218972225048.5
498.000;1646218978629962.8
507.000;1646218991570076.2
508.000;1646218993447295.5
509.000;1646218998306663.5
509.000;1646218998489749.2
509.000;1646218998967170.5
509.000;1646218999837253.5
510.000;1646219001053377.2
509.000;1646219001457711.2
509.000;1646219004044453.0
512.000;1646219008543816.2
512.000;1646219011870064.8
513.000;1646219012524954.8
512.000;1646219013600242.8
512.000;1646219014560262.0
509.000;1646219016051252.0
508.000;1646219017633787.2
508.000;1646219017722557.8
506.000;1646219021018022.8
504.000;1646219023500228.8
505.000;1646219023588479.8
506.000;1646219024118085.0
505.000;1646219024452702.8
502.000;1646219024734242.8
505.000;1646219025014919.8
504.000;1646219025109293.2
505.000;1646219025205860.5
505.000;1646219025296229.5
502.000;1646219025389348.5
504.000;1646219025577433.8
505.000;1646219025859097.0
505.000;1646219025952315.8
504.000;1646219026045696.2
502.000;1646219026140532.5
504.000;1646219026233947.2
502.000;1646219026419670.0
502.000;1646219027734178.5
502.000;1646219032748657.2
502.000;1646219034179436.2
501.000;1646219034650068.8
500.000;1646219036794392.2
499.000;1646219037050240.2
501.000;1646219038777415.0
501.000;1646219039570986.8
500.000;1646219040311375.8
500.000;1646219041614486.2
501.000;1646219042027779.8
500.000;1646219043830129.8
500.000;1646219044587430.8
500.000;1646219046736637.0
499.000;1646219051661269.2
499.000;1646219052936652.8
497.000;1646219058135084.5
498.000;1646219058857543.0
498.000;1646219059000255.0
498.000;1646219059344523.5
498.000;1646219060391421.2
498.000;1646219060650369.8
499.000;1646219063684916.0
499.000;1646219063891948.5
499.000;1646219064559778.2
499.000;1646219068529950.0
497.000;1646219071670868.5
497.000;1646219071724003.5
498.000;1646219073541288.8
497.000;1646219074020568.5
499.000;1646219075547899.0
497.000;1646219076580416.5
497.000;1646219076869848.5
498.000;1646219077006411.0
497.000;1646219077284175.8
497.000;1646219077375036.8
498.000;1646219077595105.2
497.000;1646219078457732.2
498.000;1646219078558186.5
497.000;1646219080563829.0
498.000;1646219080750645.2
497.000;1646219081921639.2
499.000;1646219085812929.2
499.000;1646219086703282.5
498.000;1646219087078591.5
499.000;1646219089661821.8
499.000;1646219090500903.8
499.000;1646219091953759.0
499.000;1646219092655980.0
499.000;1646219092796452.8
499.000;1646219093266548.5
499.000;1646219094673431.8
499.000;1646219098149965.2
499.000;1646219105453917.8
499.000;1646219106811058.2
499.000;1646219107142459.2
500.000;1646219109016451.0
499.000;1646219112624929.0
498.000;1646219112764677.0
499.000;1646219113001019.8
499.000;1646219113283170.2
499.000;1646219113377556.5
499.000;1646219113476365.5
499.000;1646219113656906.0
499.000;1646219113938286.8
499.000;1646219114078305.2
500.000;1646219114171878.2
499.000;1646219114266876.8
499.000;1646219114453612.5
499.000;1646219114596239.8
499.000;1646219114706258.0
499.000;1646219115065723.5
500.000;1646219115155993.0
499.000;1646219115251634.5
499.000;1646219115345812.0
499.000;1646219115438968.8
499.000;1646219115630327.0
499.000;1646219115719911.0
499.000;1646219116025304.5
499.000;1646219117001192.8
499.000;1646219117096490.5
499.000;1646219117495136.2
498.000;1646219117793064.0
499.000;1646219117964762.5
499.000;1646219118159279.2
499.000;1646219119347815.5
499.000;1646219119699509.5
499.000;1646219120725230.2
499.000;1646219121010339.8
499.000;1646219121529732.5
499.000;1646219124526259.2
507.000;1646219126586437.5
499.000;1646219137030568.0
499.000;1646219137543419.8
499.000;1646219140030125.0
499.000;1646219140963685.8
499.000;1646219141079473.2
498.000;1646219141292202.8
498.000;1646219141385554.5
499.000;1646219142511567.2
500.000;1646219153216922.0
500.000;1646219156125803.2
499.000;1646219157060681.5
500.000;1646219157488874.0
500.000;1646219158829558.8
499.000;1646219162265675.0
504.000;1646219167701143.5
500.000;1646219174422289.8
499.000;1646219174515432.8
500.000;1646219174705690.2
500.000;1646219174795283.0
500.000;1646219175501206.2
500.000;1646219176991724.5
499.000;1646219177130976.2
500.000;1646219177138891.5
500.000;1646219177400467.0
500.000;1646219177498092.0
500.000;1646219178821686.0
500.000;1646219179882965.8
502.000;1646219196061893.5
502.000;1646219196561706.8
501.000;1646219197078542.8
500.000;1646219197171623.2
499.000;1646219205041801.8
500.000;1646219222857015.0
504.000;1646219227705209.2
502.000;1646219237272887.8
502.000;1646219240425217.2
502.000;1646219240659752.8
502.000;1646219241489705.5
504.000;1646219241699511.2
504.000;1646219241817222.2
502.000;1646219249919357.2
502.000;1646219251540810.2
502.000;1646219254015924.5
502.000;1646219256363349.8
502.000;1646219256494926.5
502.000;1646219256818512.0
504.000;1646219257015584.2
502.000;1646219257230138.5
502.000;1646219257513725.5
502.000;1646219258289722.8
502.000;1646219258300801.5
502.000;1646219258489569.8
502.000;1646219258628232.8
502.000;1646219259268977.5
502.000;1646219259676080.8
502.000;1646219260018697.0
501.000;1646219261073856.2
504.000;1646219261193145.0
502.000;1646219261499684.5
502.000;1646219261653626.2
502.000;1646219262265279.2
502.000;1646219274633421.5
501.000;1646219292075106.5
500.000;1646219292169866.0
501.000;1646219292267806.0
501.000;1646219292450654.2
500.000;1646219292544066.0
501.000;1646219292646501.8
499.000;1646219292732967.5
500.000;1646219292920011.2
501.000;1646219293013234.8
501.000;1646219293106316.8
500.000;1646219293199978.5
501.000;1646219293300305.2
499.000;1646219293387475.5
499.000;1646219293482059.5
500.000;1646219293575503.2
500.000;1646219293669672.8
500.000;1646219293762520.8
500.000;1646219293856595.0
500.000;1646219293950653.2
500.000;1646219294043954.5
502.000;1646219294138683.8
501.000;1646219294231493.2
500.000;1646219294324815.8
500.000;1646219294512422.8
500.000;1646219294653398.0
500.000;1646219294772818.5
500.000;1646219296391317.5
502.000;1646219297523808.2
501.000;1646219297778947.5
501.000;1646219298147223.8
502.000;1646219298469397.2
501.000;1646219298858780.8
502.000;1646219299351631.2
500.000;1646219299493969.5
500.000;1646219299494887.2
499.000;1646219299495560.2
500.000;1646219299496204.5
501.000;1646219299676147.2
502.000;1646219299871454.5
502.000;1646219311591632.2
501.000;1646219320541521.5
506.000;1646219357412927.8
508.000;1646219360211837.2
514.000;1646219380678130.8
514.000;1646219381563016.8
516.000;1646219387556686.0
516.000;1646219389066483.0
516.000;1646219389567973.5
517.000;1646219392095012.8
517.000;1646219393361032.0
517.000;1646219394582795.5
522.000;1646219417524788.5
521.000;1646219417677428.0
522.000;1646219418150500.8
522.000;1646219418976837.5
522.000;1646219419870578.0
523.000;1646219432800606.5
524.000;1646219436070273.8
525.000;1646219437377317.8
525.000;1646219441570774.5
526.000;1646219444593877.8
525.000;1646219445076686.5
528.000;1646219455472256.2
528.000;1646219455667086.0
529.000;1646219465983506.5
530.000;1646219467208834.0
530.000;1646219468162289.2
529.000;1646219470182599.2
531.000;1646219471447742.5
530.000;1646219472582476.8
530.000;1646219472859494.5
530.000;1646219473933369.0
531.000;1646219474809447.2
530.000;1646219475637275.5
528.000;1646219477242219.2
525.000;1646219478142731.2
525.000;1646219478514831.5
519.000;1646219481507498.5
521.000;1646219481744707.0
520.000;1646219482195873.2
519.000;1646219482607302.5
519.000;1646219482945784.8
514.000;1646219484950733.8
509.000;1646219492986618.0
509.000;1646219493273957.8
509.000;1646219493487411.5
506.000;1646219498546906.8
505.000;1646219508579614.8
504.000;1646219516074098.2
504.000;1646219516459038.5
504.000;1646219526614797.2
504.000;1646219528122718.8
504.000;1646219529482768.5
502.000;1646219538744050.2
502.000;1646219540262386.2
502.000;1646219540437393.0
502.000;1646219547194454.8
500.000;1646219563665201.2
500.000;1646219564997200.0
501.000;1646219566582761.5
502.000;1646219567566095.0
501.000;1646219568038561.2
502.000;1646219570515040.0
502.000;1646219571599278.8
502.000;1646219575072960.2
502.000;1646219576522091.0
502.000;1646219577031861.0
502.000;1646219580032929.5
502.000;1646219580552895.0
501.000;1646219580641373.2
504.000;1646219581013199.5
502.000;1646219582516654.2
501.000;1646219583036633.5
502.000;1646219587403840.5
502.000;1646219588659504.8
504.000;1646219590576888.8
501.000;1646219594795694.2
502.000;1646219598163699.2
502.000;1646219598838777.8
502.000;1646219618576037.5
502.000;1646219621119560.2
504.000;1646219628406126.5
502.000;1646219632503213.0
502.000;1646219635578792.8
501.000;1646219637582449.8
501.000;1646219637981300.5
500.000;1646219640627607.8
500.000;1646219645049022.2
501.000;1646219658487505.8
500.000;1646219659296821.5
501.000;1646219659493483.0
499.000;1646219687686298.0
499.000;1646219691614033.0
500.000;1646219692321387.2
500.000;1646219693012719.8
500.000;1646219693391305.5
500.000;1646219693659047.8
500.000;1646219697050063.0
499.000;1646219699177271.8
500.000;1646219700803656.2
499.000;1646219700898135.5
500.000;1646219701039899.0
500.000;1646219702069823.2
500.000;1646219704040752.0
500.000;1646219707575045.5
500.000;1646219708590252.2
500.000;1646219709014043.0
499.000;1646219710583336.0
501.000;1646219712086908.0
501.000;1646219718143151.2
501.000;1646219718335224.2
500.000;1646219719457912.8
500.000;1646219720342902.2
501.000;1646219720631336.2
500.000;1646219722978876.0
499.000;1646219724521714.8
500.000;1646219724615542.8
501.000;1646219725085649.2
500.000;1646219725661842.8
500.000;1646219726911103.2
500.000;1646219727286623.2
500.000;1646219727942811.0
500.000;1646219729021475.0
500.000;1646219729633371.5
500.000;1646219730805891.8
501.000;1646219731318677.8
500.000;1646219731787177.2
501.000;1646219732303514.0
500.000;1646219732396541.2
500.000;1646219733336252.2
501.000;1646219733428035.8
500.000;1646219733522305.0
501.000;1646219734039423.8
500.000;1646219734552724.2
500.000;1646219735776503.0
500.000;1646219736709468.0
500.000;1646219740085398.2
500.000;1646219740835758.0
499.000;1646219741211687.5
501.000;1646219748710550.0
500.000;1646219749553321.0
500.000;1646219750024035.8
500.000;1646219750118390.0
500.000;1646219751760960.8
500.000;1646219751928176.0
499.000;1646219752178792.5
500.000;1646219752464894.2
501.000;1646219752554916.8
501.000;1646219753031407.8
500.000;1646219753538479.5
500.000;1646219754863492.0
500.000;1646219755693123.2
499.000;1646219756166080.5
500.000;1646219756540584.5
500.000;1646219758930190.2
499.000;1646219759029694.2
500.000;1646219760572782.8
500.000;1646219760708249.2
500.000;1646219760802950.5
500.000;1646219761225731.0
500.000;1646219761318738.5
499.000;1646219761648143.5
500.000;1646219761741135.2
500.000;1646219761928772.2
500.000;1646219762163356.2
500.000;1646219762593611.5
499.000;1646219762678619.5
500.000;1646219762913154.2
500.000;1646219763026902.8
499.000;1646219764083890.0
499.000;1646219765031794.2
500.000;1646219765436186.0
496.000;1646219770478438.0
497.000;1646219770749403.8
495.000;1646219774878677.8
493.000;1646219777785832.2
494.000;1646219778130897.0
492.000;1646219778656097.0
493.000;1646219778845345.0
488.000;1646219797697854.0
493.000;1646219815878234.2
495.000;1646219820578334.2
496.000;1646219823112727.5
496.000;1646219825543276.8
498.000;1646219831962284.0
499.000;1646219834925564.0
499.000;1646219838350760.8
501.000;1646219841019720.0
502.000;1646219842892301.2
505.000;1646219849671345.0
505.000;1646219849986047.0
506.000;1646219852276657.8
506.000;1646219857997303.2
512.000;1646219874637549.5
512.000;1646219875010903.0
512.000;1646219875568418.5
512.000;1646219876315608.0
512.000;1646219876536648.8
512.000;1646219880948815.2
513.000;1646219884615881.5
512.000;1646219888043657.8
506.000;1646219889551419.0
494.000;1646219898970040.2
494.000;1646219900200960.0
493.000;1646219900396961.2
494.000;1646219914898807.0
495.000;1646219919805817.8
495.000;1646219923317270.8
496.000;1646219935841975.0
496.000;1646219938033691.0
496.000;1646219938748562.2
496.000;1646219938992889.2
496.000;1646219940153515.2
496.000;1646219940494367.2
497.000;1646219942086530.8
497.000;1646219944008045.8
497.000;1646219944102894.2
497.000;1646219945151214.5
497.000;1646219948052324.8
497.000;1646219948986649.0
497.000;1646219949550083.2
497.000;1646219951564687.5
496.000;1646219952086232.2
496.000;1646219952645294.2
497.000;1646219954568253.0
497.000;1646219956978773.0
499.000;1646219976313318.8
498.000;1646219976741103.2
499.000;1646220002201089.0
499.000;1646220004587407.8
499.000;1646220009083355.0
499.000;1646220009605171.8
498.000;1646220017153491.8
499.000;1646220018708051.5
499.000;1646220019494785.2
499.000;1646220020027134.5
499.000;1646220020663932.8
498.000;1646220058186550.8
499.000;1646220077252547.8
499.000;1646220077427100.2
499.000;1646220078320363.0
498.000;1646220082900325.2
498.000;1646220084644477.2
498.000;1646220085069315.0
498.000;1646220085991165.5
497.000;1646220086274701.8
497.000;1646220086951256.0
498.000;1646220088271676.8
499.000;1646220088367899.5
497.000;1646220088524662.2
498.000;1646220088620759.0
498.000;1646220089122697.8
499.000;1646220090061237.2
499.000;1646220090248279.2
498.000;1646220090340896.0
498.000;1646220090710863.5
499.000;1646220091736952.8
499.000;1646220093193469.5
499.000;1646220095765824.0
498.000;1646220103358445.0
499.000;1646220108305155.0
497.000;1646220108894692.2
498.000;1646220110422880.5
499.000;1646220110559325.8
498.000;1646220113193165.5
499.000;1646220116898192.0
498.000;1646220117222309.0
498.000;1646220118171123.5
498.000;1646220124070066.8
498.000;1646220130585059.5
497.000;1646220134898500.0
497.000;1646220136597341.0
497.000;1646220137268155.8
497.000;1646220137698043.2
497.000;1646220140262572.5
498.000;1646220145095189.2
497.000;1646220145552490.5
497.000;1646220151106639.5
620.000;1646220174447173.8
690.000;1646220197027400.8
692.000;1646220197800912.2
692.000;1646220198313263.0
691.000;1646220198697540.5
692.000;1646220199528696.2
692.000;1646220199896844.0
692.000;1646220201446576.0
692.000;1646220201962947.0
693.000;1646220203593979.5
694.000;1646220204822073.8
693.000;1646220205059042.0
694.000;1646220206275165.0
694.000;1646220208431309.5
694.000;1646220210932610.8
696.000;1646220211059986.2
694.000;1646220211669833.5
694.000;1646220213260447.8
696.000;1646220215614577.2
696.000;1646220216590450.2
696.000;1646220218463481.8
694.000;1646220221323324.5
698.000;1646220225823429.0
702.000;1646220229901810.5
701.000;1646220231130663.5
701.000;1646220231354755.0
701.000;1646220231448082.2
701.000;1646220231636763.0
701.000;1646220231964018.8
701.000;1646220232619868.8
701.000;1646220233513147.8
702.000;1646220237877569.2
702.000;1646220240219979.8
703.000;1646220241012324.5
702.000;1646220242791753.8
703.000;1646220243542503.5
702.000;1646220243917411.0
702.000;1646220245277649.0
702.000;1646220248561309.5
702.000;1646220249375015.2
703.000;1646220253106491.2
705.000;1646220253766391.8
706.000;1646220255261205.2
704.000;1646220257015619.5
705.000;1646220257802244.8
705.000;1646220258358281.2
704.000;1646220261199465.0
705.000;1646220261319256.0
705.000;1646220261509916.2
704.000;1646220262246228.0
704.000;1646220263813894.5
705.000;1646220263956568.5
704.000;1646220264441100.8
708.000;1646220267711306.8
706.000;1646220268101552.2
706.000;1646220270075675.2
706.000;1646220272602552.8
706.000;1646220273044095.2
706.000;1646220273363342.0
706.000;1646220275092998.5
706.000;1646220277151087.5
708.000;1646220277480120.8
708.000;1646220278942350.0
708.000;1646220281752442.2
708.000;1646220282043237.5
708.000;1646220282462084.0
708.000;1646220282599654.0
708.000;1646220282902997.2
708.000;1646220284817613.8
708.000;1646220285145229.0
708.000;1646220285425956.5
708.000;1646220288590460.5
708.000;1646220288757548.2
708.000;1646220288916511.5
708.000;1646220290579964.0
708.000;1646220291040604.5
709.000;1646220295404352.0
710.000;1646220296138751.8
710.000;1646220296755131.5
710.000;1646220297226910.2
710.000;1646220297261325.5
710.000;1646220298865800.5
710.000;1646220299046675.8
711.000;1646220303741120.8
711.000;1646220303953390.0
711.000;1646220304063932.2
711.000;1646220304813144.8
712.000;1646220305187639.0
711.000;1646220307437994.5
712.000;1646220309359056.5
712.000;1646220311000214.2
713.000;1646220314515665.2
713.000;1646220314703057.0
713.000;1646220315031634.0
714.000;1646220316678236.8
712.000;1646220317138799.0
714.000;1646220319909985.8
715.000;1646220320237159.2
715.000;1646220326099722.8
714.000;1646220327709100.5
716.000;1646220334604455.8
718.000;1646220336606551.8
717.000;1646220338612472.0
720.000;1646220348645202.8
721.000;1646220361731509.0
721.000;1646220361820501.0
722.000;1646220376988252.8
724.000;1646220377273328.8
724.000;1646220377968769.5
724.000;1646220378866885.0
723.000;1646220379744415.8
723.000;1646220383084799.2
725.000;1646220383611271.5
724.000;1646220385054117.8
725.000;1646220389558336.0
726.000;1646220391574670.0
725.000;1646220392093780.5
725.000;1646220392645352.5
725.000;1646220393600188.0
726.000;1646220395102196.8
726.000;1646220398553670.5
726.000;1646220402076604.0
726.000;1646220402590710.0
726.000;1646220403479923.2
726.000;1646220403570617.8
726.000;1646220404657084.5
726.000;1646220406100402.2
728.000;1646220430429135.0
729.000;1646220430717199.8
729.000;1646220430899514.2
729.000;1646220431165760.0
728.000;1646220431603016.5
729.000;1646220437019734.8
728.000;1646220437287974.5
729.000;1646220440700518.0
729.000;1646220441166138.2
730.000;1646220443417925.0
729.000;1646220444773790.2
729.000;1646220445291222.8
730.000;1646220445568493.5
730.000;1646220456128012.8
732.000;1646220458611102.8
730.000;1646220465974758.0
730.000;1646220466115350.8
732.000;1646220472205383.8
734.000;1646220490674595.2
734.000;1646220497422784.8
734.000;1646220497790467.5
735.000;1646220499290040.8
733.000;1646220499639788.8
734.000;1646220511112480.2
735.000;1646220525109812.0
736.000;1646220546572279.8
737.000;1646220547037195.2
736.000;1646220547778372.5
736.000;1646220554253395.5
737.000;1646220561625761.2
737.000;1646220564575740.8
691.000;1646220573797714.5
681.000;1646220575607135.2
666.000;1646220578644996.2
639.000;1646220585575409.5
639.000;1646220585854745.0
630.000;1646220589109493.8
629.000;1646220590132648.2
624.000;1646220594759839.2
571.000;1646220611031155.5
564.000;1646220613028803.2
559.000;1646220614533782.8
555.000;1646220616072714.0
554.000;1646220616495770.5
553.000;1646220616734983.2
552.000;1646220617011773.5
549.000;1646220618003016.8
548.000;1646220618184098.0
546.000;1646220619025265.8
545.000;1646220619225459.8
532.000;1646220625437521.5
518.000;1646220638393476.5
516.000;1646220640183209.5
514.000;1646220644074759.2
514.000;1646220644592418.5
513.000;1646220646559984.8
514.000;1646220647958401.2
513.000;1646220648538551.8
513.000;1646220649096830.8
512.000;1646220649273991.5
513.000;1646220650771508.2
512.000;1646220653636963.8
511.000;1646220656364227.5
509.000;1646220658067384.2
509.000;1646220660466873.0
509.000;1646220663891494.8
509.000;1646220667700733.5
508.000;1646220674949458.8
508.000;1646220677561859.5
506.000;1646220683133201.0
506.000;1646220684167739.0
506.000;1646220686646270.0
506.000;1646220689031399.8
506.000;1646220692298735.2
506.000;1646220692486702.8
506.000;1646220692584998.8
505.000;1646220694978756.0
505.000;1646220695880498.8
505.000;1646220696687579.5
506.000;1646220699417912.8
505.000;1646220699758290.8
505.000;1646220701597144.5
506.000;1646220703359545.8
506.000;1646220709041502.0
504.000;1646220709969169.0
505.000;1646220711012436.0
505.000;1646220712138126.0
505.000;1646220714956159.0
505.000;1646220715552292.5
506.000;1646220717533353.8
506.000;1646220721954598.2
506.000;1646220722554409.5
506.000;1646220722878431.0
505.000;1646220727571774.2
505.000;1646220733298242.0
506.000;1646220737673827.2
506.000;1646220737839634.2
505.000;1646220739912958.0
505.000;1646220740438494.2
505.000;1646220741481450.5
504.000;1646220759064092.5
502.000;1646220762005404.2
502.000;1646220767544863.8
504.000;1646220769507538.0
502.000;1646220779030248.0
502.000;1646220780565038.8
502.000;1646220782032555.8
500.000;1646220783013831.0
502.000;1646220783103432.0
501.000;1646220783574483.2
500.000;1646220784053028.2
500.000;1646220785545241.5
500.000;1646220796855917.5
501.000;1646220797000174.2
501.000;1646220798677219.5
501.000;1646220800493473.0
501.000;1646220802750047.8
499.000;1646220821632745.5
499.000;1646220830539261.5
499.000;1646220832053034.8
499.000;1646220833536247.8
500.000;1646220834800405.8
499.000;1646220834989066.5
500.000;1646220836912018.0
499.000;1646220837531552.0
499.000;1646220838037180.8
501.000;1646220839539949.0
504.000;1646220840565358.0
516.000;1646220844554637.2
516.000;1646220845070594.8
526.000;1646220846576052.5
606.000;1646220857401186.8
606.000;1646220859226626.0
606.000;1646220859580322.0
605.000;1646220859948497.5
606.000;1646220861169688.0
606.000;1646220861734392.2
633.000;1646220872604468.0
640.000;1646220874479439.0
644.000;1646220875979707.5
672.000;1646220887044737.5
673.000;1646220887478769.5
692.000;1646220892994707.8
701.000;1646220894962738.8
708.000;1646220896605486.2
708.000;1646220896896416.0
715.000;1646220900028905.2
716.000;1646220901009611.0
718.000;1646220902006488.2
721.000;1646220904018525.0
722.000;1646220904993402.8
726.000;1646220908185490.8
727.000;1646220908565887.2
727.000;1646220909492517.8
727.000;1646220909591253.2
739.000;1646220916593571.2
758.000;1646220946317050.0
758.000;1646220947623689.0
760.000;1646220954978550.5
762.000;1646220961543988.8
709.000;1646220976731847.5
705.000;1646220977293643.5
702.000;1646220977811418.2
692.000;1646220978888405.0
690.000;1646220979369733.0
574.000;1646220997559610.2
564.000;1646221000533082.2
535.000;1646221011792731.0
533.000;1646221013514547.8
532.000;1646221013561012.0
532.000;1646221013561832.0
532.000;1646221013562519.0
532.000;1646221013882528.0
531.000;1646221014531299.0
522.000;1646221020038241.2
522.000;1646221020550826.0
521.000;1646221024542431.5
520.000;1646221026827501.8
521.000;1646221033319541.8
521.000;1646221033552388.2
521.000;1646221035106783.0
522.000;1646221036000458.5
521.000;1646221036520087.5
521.000;1646221039215266.5
520.000;1646221040493715.2
521.000;1646221040997648.8
519.000;1646221043137099.5
519.000;1646221044120397.5
508.000;1646221066523593.0
504.000;1646221091507223.0
504.000;1646221091736900.8
502.000;1646221093049359.5
502.000;1646221096013045.2
502.000;1646221097031593.2
502.000;1646221097443159.5
502.000;1646221097848944.8
502.000;1646221098898284.8
502.000;1646221099401520.5
502.000;1646221099745668.0
502.000;1646221100289787.2
501.000;1646221100680159.8
501.000;1646221114986539.2
500.000;1646221135003977.5
499.000;1646221145576174.5
499.000;1646221148259401.5
499.000;1646221153030918.2
498.000;1646221158516690.0
500.000;1646221158872481.5
499.000;1646221159574912.0
498.000;1646221159940842.5
499.000;1646221160680334.5
498.000;1646221161042156.8
498.000;1646221161648669.0
498.000;1646221162341060.2
497.000;1646221168032333.2
499.000;1646221179644286.2
497.000;1646221184325475.2
501.000;1646221199423088.5
506.000;1646221201391256.8
513.000;1646221203486429.0
519.000;1646221207430143.5
520.000;1646221207849951.0
523.000;1646221210235973.5
526.000;1646221211325208.8
528.000;1646221212451597.5
528.000;1646221213189655.2
529.000;1646221213576672.0
529.000;1646221215071600.0
529.000;1646221215160545.0
531.000;1646221217700118.5
532.000;1646221219579451.2
532.000;1646221219933463.0
533.000;1646221220520306.8
532.000;1646221223406500.0
532.000;1646221226446038.8
533.000;1646221227521779.5
533.000;1646221231466073.0
534.000;1646221231563676.2
541.000;1646221240464211.0
543.000;1646221242428405.5
546.000;1646221246602156.8
557.000;1646221259215928.8
560.000;1646221263047382.2
561.000;1646221263404414.5
562.000;1646221263958715.0
562.000;1646221264351992.8
561.000;1646221264538270.5
566.000;1646221269519777.8
567.000;1646221269717630.8
567.000;1646221270332596.8
568.000;1646221270521694.2
568.000;1646221271273986.8
568.000;1646221271521521.0
569.000;1646221272829321.0
569.000;1646221273462129.0
571.000;1646221275480606.8
570.000;1646221276518831.2
571.000;1646221276997706.8
572.000;1646221277685574.5
571.000;1646221278155800.5
576.000;1646221280980919.8
577.000;1646221281972960.0
578.000;1646221284488021.8
579.000;1646221284962068.8
579.000;1646221285988294.5
582.000;1646221290961990.5
586.000;1646221297438112.0
593.000;1646221307840099.8
555.000;1646221329957867.5
546.000;1646221333512626.2
541.000;1646221336464307.2
538.000;1646221337135260.2
536.000;1646221338352092.5
535.000;1646221339025900.2
535.000;1646221339217138.5
534.000;1646221339409240.8
533.000;1646221340255685.0
532.000;1646221340479971.5
528.000;1646221342469263.0
517.000;1646221347702426.0
517.000;1646221348515965.0
516.000;1646221348979247.2
514.000;1646221349960739.8
513.000;1646221351010394.5
511.000;1646221352999865.5
511.000;1646221353982881.2
510.000;1646221367341577.8
505.000;1646221375782095.2
505.000;1646221376087926.8
502.000;1646221382114876.0
504.000;1646221385711963.5
501.000;1646221392116957.5
500.000;1646221396567921.8
502.000;1646221397418203.0
500.000;1646221400137023.0
499.000;1646221401484920.0
499.000;1646221407143266.0
499.000;1646221409688566.5
499.000;1646221409798703.5
499.000;1646221409922638.8
498.000;1646221411982550.2
499.000;1646221414476805.0
499.000;1646221416525406.0
499.000;1646221424168742.2
497.000;1646221424683997.0
497.000;1646221424777104.5
497.000;1646221429514394.8
497.000;1646221438370303.8
498.000;1646221439444679.5
497.000;1646221445180006.0
497.000;1646221446650138.5
497.000;1646221452758283.8
497.000;1646221457806123.2
497.000;1646221457996973.8
497.000;1646221458348144.8
497.000;1646221458540375.5
497.000;1646221459196165.5
497.000;1646221460106145.8
497.000;1646221462467845.8
497.000;1646221470951353.5
496.000;1646221473430967.5
497.000;1646221473953537.0
497.000;1646221477949364.5
496.000;1646221478449633.2
497.000;1646221479443919.0
496.000;1646221480928954.2
496.000;1646221495740677.5
496.000;1646221508077658.8
496.000;1646221509134033.2
496.000;1646221517575344.5
495.000;1646221518520759.8
496.000;1646221522551967.0
495.000;1646221532826167.5
496.000;1646221534971385.5
496.000;1646221535487390.0
495.000;1646221547273768.5
494.000;1646221560081375.8
494.000;1646221561863320.8
497.000;1646221573950785.5
495.000;1646221578970629.5
494.000;1646221579476427.2
494.000;1646221579846653.5
494.000;1646221584602640.5
493.000;1646221587985223.0
493.000;1646221588547673.8
494.000;1646221590202767.0
494.000;1646221592240193.5
493.000;1646221592535767.5
493.000;1646221595092700.2
493.000;1646221595511698.0
494.000;1646221596460494.8
493.000;1646221597436551.8
494.000;1646221598000913.0
494.000;1646221599646099.8
494.000;1646221601862803.5
494.000;1646221603004320.0
495.000;1646221604311893.8
495.000;1646221609659598.5
495.000;1646221613267485.8
495.000;1646221613868558.5
494.000;1646221616640489.5
494.000;1646221617443526.5
495.000;1646221630046689.8
495.000;1646221634035545.5
495.000;1646221637294996.0
495.000;1646221637444404.2
495.000;1646221647476855.5
495.000;1646221649522861.0
495.000;1646221653547001.0
496.000;1646221655590104.5
495.000;1646221655925872.2
496.000;1646221658513103.8
496.000;1646221658985863.5
495.000;1646221660007987.0
495.000;1646221660524087.0
496.000;1646221661505263.2
495.000;1646221664529680.8
496.000;1646221665586279.8
495.000;1646221666015318.8
496.000;1646221666476731.8
496.000;1646221667037124.0
496.000;1646221667928891.2
496.000;1646221668350012.0
496.000;1646221668502398.5
496.000;1646221668867301.5
496.000;1646221669476442.0
495.000;1646221670413342.5
496.000;1646221681458891.5
496.000;1646221684000997.0
496.000;1646221685525495.5
494.000;1646221695792573.0
494.000;1646221697549873.5
494.000;1646221698201531.8
495.000;1646221698210072.2
492.000;1646221698210572.8
495.000;1646221699708009.2
495.000;1646221700576797.2
495.000;1646221700862306.8
495.000;1646221703193362.2
495.000;1646221704505589.2
494.000;1646221708636263.8
495.000;1646221713246702.2
495.000;1646221717070595.8
494.000;1646221719666377.8
495.000;1646221724676902.2
496.000;1646221726308999.5
494.000;1646221728588588.0
494.000;1646221728696483.0
495.000;1646221728789782.5
494.000;1646221730205157.0
495.000;1646221730813387.8
494.000;1646221731234898.8
495.000;1646221731886147.5
495.000;1646221734040156.8
494.000;1646221734612442.8
494.000;1646221735081125.2
495.000;1646221739629307.0
494.000;1646221746696834.8
494.000;1646221747411718.2
494.000;1646221748338195.5
495.000;1646221752018567.8
495.000;1646221752450909.8
496.000;1646221752720430.8
495.000;1646221753206812.0
495.000;1646221756669579.2
495.000;1646221760466429.2
493.000;1646221768649287.8
493.000;1646221776244305.0
493.000;1646221777757840.0
494.000;1646221778750259.0
493.000;1646221778857043.5
494.000;1646221783028694.0
493.000;1646221791038894.0
493.000;1646221791941621.0
493.000;1646221792668021.5
494.000;1646221795858243.2
494.000;1646221799996957.5
494.000;1646221814474021.5
494.000;1646221817706937.0
494.000;1646221817836607.8
494.000;1646221820423188.2
494.000;1646221821769037.8
494.000;1646221833903798.8
495.000;1646221834032420.5
494.000;1646221834435442.5
494.000;1646221834630019.5
494.000;1646221835604001.2
495.000;1646221836223320.2
495.000;1646221837979900.0
494.000;1646221838504368.8
494.000;1646221839082733.0
494.000;1646221841944670.0
492.000;1646221841950874.0
493.000;1646221841951783.5
493.000;1646221842645311.5
494.000;1646221843119701.8
494.000;1646221843216149.5
493.000;1646221843261090.5
495.000;1646221843362556.2
494.000;1646221843401196.0
494.000;1646221843519809.8
493.000;1646221843542276.0
494.000;1646221843649376.8
494.000;1646221843681660.8
494.000;1646221843804399.8
493.000;1646221843822676.2
494.000;1646221843939733.5
494.000;1646221843962625.8
494.000;1646221844089418.0
494.000;1646221844156205.8
495.000;1646221844262297.0
494.000;1646221844292102.5
494.000;1646221844406423.8
493.000;1646221844431039.5
494.000;1646221844566096.0
494.000;1646221844691193.0
494.000;1646221844713055.5
495.000;1646221844836245.5
494.000;1646221844947751.8
494.000;1646221845556363.8
494.000;1646221855145244.2
494.000;1646221856619610.2
493.000;1646221859057741.2
493.000;1646221860258604.8
494.000;1646221862055108.8
494.000;1646221862191853.8
494.000;1646221862656492.8
494.000;1646221863727634.8
497.000;1646221866734120.0
495.000;1646221873525558.5
494.000;1646221874016532.8
494.000;1646221874137656.8
495.000;1646221874244339.8
494.000;1646221874706908.0
495.000;1646221880747234.2
495.000;1646221880906025.5
494.000;1646221880917647.0
494.000;1646221892547236.5
494.000;1646221898583343.2
495.000;1646221901545828.8
494.000;1646221904577362.8
494.000;1646221905169419.2
495.000;1646221905578415.5
494.000;1646221906028937.0
494.000;1646221906972825.5
494.000;1646221907697368.8
495.000;1646221914549375.5
495.000;1646221915442519.2
494.000;1646221916020014.8
493.000;1646221918584362.0
494.000;1646221920052566.8
493.000;1646221927611130.0
493.000;1646221935196559.2
494.000;1646221938384503.8
494.000;1646221938873612.0
494.000;1646221939905202.0
494.000;1646221940286836.0
490.000;1646221962792289.5
490.000;1646221965661584.8
492.000;1646221966261044.8
493.000;1646221966663549.8
494.000;1646221968644489.8
494.000;1646221970081838.8
495.000;1646221970791900.5
495.000;1646221971121140.0
496.000;1646221971355376.8
502.000;1646221976453096.8
505.000;1646221978235895.5
509.000;1646221980034787.8
513.000;1646221981533111.2
524.000;1646221984533883.5
525.000;1646221985037082.8
533.000;1646221989681420.8
544.000;1646221995184130.5
543.000;1646221995308269.2
549.000;1646221999211939.2
549.000;1646221999760325.8
549.000;1646222000096454.2
552.000;1646222001785887.0
561.000;1646222005275532.5
562.000;1646222005583000.0
562.000;1646222005839799.2
566.000;1646222007649525.0
570.000;1646222008820078.2
578.000;1646222012101585.5
589.000;1646222016948358.2
596.000;1646222023266640.5
596.000;1646222023365251.5
604.000;1646222030610250.0
604.000;1646222031287232.5
605.000;1646222031531480.5
606.000;1646222032796535.2
608.000;1646222034522554.5
608.000;1646222036085933.5
610.000;1646222037239858.5
609.000;1646222038349667.0
617.000;1646222046015605.0
618.000;1646222046669460.8
625.000;1646222058385256.2
627.000;1646222060524762.2
633.000;1646222071382737.5
644.000;1646222091681437.8
644.000;1646222092523931.0
646.000;1646222097445136.8
648.000;1646222099506015.8
649.000;1646222100073181.0
649.000;1646222101939225.0
651.000;1646222102033863.8
651.000;1646222105032043.8
653.000;1646222108032868.0
653.000;1646222109069864.5
654.000;1646222109597474.2
653.000;1646222112016102.8
630.000;1646222115262031.2
615.000;1646222117861739.2
605.000;1646222119594811.8
603.000;1646222119782915.0
603.000;1646222120106878.5
590.000;1646222122380804.8
582.000;1646222124209854.5
566.000;1646222128244807.2
562.000;1646222128978397.2
556.000;1646222130487064.8
542.000;1646222137692357.2
533.000;1646222141446891.8
531.000;1646222141823070.2
530.000;1646222142291680.8
528.000;1646222143092600.5
528.000;1646222143464352.0
526.000;1646222143981733.8
525.000;1646222145151757.5
524.000;1646222145716465.0
522.000;1646222147869845.2
521.000;1646222147967623.8
522.000;1646222148619758.0
521.000;1646222148996720.2
520.000;1646222150121047.2
520.000;1646222151150386.5
519.000;1646222151343570.5
518.000;1646222152007687.5
518.000;1646222152369878.0
518.000;1646222152471844.2
518.000;1646222152556979.2
519.000;1646222152697781.0
516.000;1646222153729198.5
517.000;1646222153917098.8
516.000;1646222154012021.8
517.000;1646222154109014.8
517.000;1646222154430983.8
517.000;1646222154574096.2
516.000;1646222154759774.2
517.000;1646222155041828.5
516.000;1646222156497075.2
514.000;1646222156822470.8
514.000;1646222157290342.8
514.000;1646222157854453.2
514.000;1646222158370599.5
513.000;1646222158466101.2
513.000;1646222158744793.2
514.000;1646222158839674.8
512.000;1646222159561467.2
513.000;1646222160152029.2
513.000;1646222160667771.8
513.000;1646222160997719.8
513.000;1646222162405313.8
511.000;1646222164466138.8
512.000;1646222165401405.8
509.000;1646222166479255.8
510.000;1646222166571160.2
508.000;1646222167003721.8
509.000;1646222167509324.2
509.000;1646222168318055.0
509.000;1646222168501883.0
509.000;1646222168966165.2
508.000;1646222169484310.2
508.000;1646222170041635.8
509.000;1646222170464750.5
508.000;1646222171025623.0
508.000;1646222171962975.5
507.000;1646222172243478.5
508.000;1646222172573766.8
508.000;1646222172854493.2
508.000;1646222173463427.5
508.000;1646222173650557.5
508.000;1646222174590652.8
509.000;1646222174868361.5
508.000;1646222175013121.5
508.000;1646222175337027.2
507.000;1646222175432356.2
507.000;1646222175621786.0
509.000;1646222175995247.2
507.000;1646222176742570.2
507.000;1646222177443069.2
508.000;1646222178333769.2
507.000;1646222179939799.2
507.000;1646222180119009.2
507.000;1646222180825754.2
507.000;1646222184368264.5
504.000;1646222214021778.5
504.000;1646222220019249.8
501.000;1646222228502524.5
501.000;1646222231021676.2
500.000;1646222240389033.2
500.000;1646222262195949.2
501.000;1646222263614101.2
500.000;1646222264364118.2
500.000;1646222275207087.5
499.000;1646222278471989.2
499.000;1646222279973383.5
499.000;1646222280519721.5
498.000;1646222281524291.0
499.000;1646222283487108.8
499.000;1646222284564839.8
499.000;1646222285361059.8
498.000;1646222286486928.2
499.000;1646222287609454.2
499.000;1646222289488913.2
499.000;1646222293986749.8
500.000;1646222295013177.2
500.000;1646222296003367.2
500.000;1646222297315644.8
500.000;1646222301009244.8
496.000;1646222356913324.5
496.000;1646222357279067.0
497.000;1646222357851302.2
496.000;1646222358972507.8
497.000;1646222360523338.0
496.000;1646222361065600.8
495.000;1646222395186390.2
496.000;1646222414090536.5
495.000;1646222414598140.5
495.000;1646222415318159.0
495.000;1646222415634106.5
495.000;1646222416877489.5
494.000;1646222417275592.5
495.000;1646222418193060.0
494.000;1646222419494038.0
495.000;1646222424115637.2
494.000;1646222424483303.5
484.000;1646222469627838.5
483.000;1646222480232270.0
482.000;1646222480403658.2
483.000;1646222481599146.2
482.000;1646222482586381.8
482.000;1646222483137316.8
483.000;1646222485075830.5
483.000;1646222487639408.5
482.000;1646222488112738.2
483.000;1646222488587188.2
482.000;1646222493983736.8
480.000;1646222526927181.5
478.000;1646222531141518.2
480.000;1646222537446428.5
480.000;1646222537855899.5
481.000;1646222539346988.0
481.000;1646222539677035.8
481.000;1646222540698276.5
480.000;1646222541600311.5
482.000;1646222543665803.0
482.000;1646222544164731.8
484.000;1646222548588384.0
484.000;1646222550173448.5
485.000;1646222550618251.5
485.000;1646222551579910.0
485.000;1646222553119810.0
486.000;1646222554297925.2
487.000;1646222561467597.0
487.000;1646222564044393.8
488.000;1646222569254582.5
488.000;1646222575439518.5
488.000;1646222575579102.2
489.000;1646222586600329.2
489.000;1646222589551062.0
488.000;1646222590352818.2
489.000;1646222591284979.2
488.000;1646222593345527.8
488.000;1646222594002684.8
488.000;1646222596896989.5
488.000;1646222597300962.8
488.000;1646222599519643.2
488.000;1646222599886424.5
488.000;1646222605093578.5
488.000;1646222606592204.5
488.000;1646222608089997.8
488.000;1646222608473705.5
489.000;1646222608720302.8
489.000;1646222614642510.5
488.000;1646222616614284.8
489.000;1646222657329531.0
489.000;1646222657581736.2
489.000;1646222657846612.8
489.000;1646222658370712.2
489.000;1646222658731919.8
492.000;1646222659882932.2
489.000;1646222717290581.8
489.000;1646222718563212.5
489.000;1646222718909552.8
489.000;1646222719404433.2
489.000;1646222720086310.0
490.000;1646222721631787.5
488.000;1646222726275898.0
490.000;1646222728103166.0
489.000;1646222729134506.5
489.000;1646222737619078.2
490.000;1646222738606861.0
489.000;1646222740085142.5
489.000;1646222747794272.0
489.000;1646222749353375.5
489.000;1646222749993871.5
489.000;1646222755387659.8
489.000;1646222755480261.0
489.000;1646222771261719.0
489.000;1646222771426036.2
497.000;1646222780552285.2
490.000;1646222786171455.5
489.000;1646222786395928.8
490.000;1646222789652249.0
490.000;1646222798114373.0
489.000;1646222802649957.2
497.000;1646222816051852.8
497.000;1646222816233751.8
499.000;1646222818166723.0
502.000;1646222825520767.0
505.000;1646222830594225.2
505.000;1646222831016385.8
505.000;1646222837172053.5
506.000;1646222839261064.0
506.000;1646222840509835.0
508.000;1646222852633342.8
508.000;1646222852712622.0
509.000;1646222855399795.5
510.000;1646222857118562.0
510.000;1646222858149662.0
509.000;1646222858664729.0
512.000;1646222861142437.0
512.000;1646222863156272.2
513.000;1646222864139918.2
512.000;1646222866107390.8
514.000;1646222870135979.5
516.000;1646222873333093.2
514.000;1646222873490301.5
514.000;1646222876198148.8
517.000;1646222878253364.8
521.000;1646222897030591.5
525.000;1646222917132563.2
526.000;1646222919145724.0
528.000;1646222928101946.2
529.000;1646222930635247.0
529.000;1646222931614207.5
516.000;1646222952861812.8
516.000;1646222952962511.0
514.000;1646222953589654.0
513.000;1646222954425942.0
513.000;1646222954543367.2
513.000;1646222954716424.8
512.000;1646222954815313.5
497.000;1646222970619378.8
497.000;1646222970713772.2
496.000;1646222973862320.0
495.000;1646222975411742.5
495.000;1646222978862108.5
495.000;1646222979628025.2
495.000;1646222979674228.0
495.000;1646222980244861.5
496.000;1646222980548840.2
494.000;1646222988136422.2
494.000;1646222991699113.8
493.000;1646222994788366.8
493.000;1646222995387277.0
494.000;1646222995835727.2
493.000;1646222996697414.2
493.000;1646222996771335.2
493.000;1646222996958915.5
493.000;1646222997333004.0
494.000;1646222999012553.0
494.000;1646223000401495.2
493.000;1646223002342730.2
493.000;1646223007550750.2
492.000;1646223017061701.8
490.000;1646223017555839.8
492.000;1646223017717830.2
492.000;1646223019064333.0
490.000;1646223020075904.2
492.000;1646223020282063.5
488.000;1646223044013246.2
489.000;1646223047751077.0
489.000;1646223050971793.0
490.000;1646223055112199.0
489.000;1646223055581290.8
489.000;1646223056097014.8
489.000;1646223057650846.5
489.000;1646223058627545.0
489.000;1646223065472943.0
489.000;1646223065570879.0
487.000;1646223072790822.2
489.000;1646223077050856.2
489.000;1646223077193076.5
489.000;1646223077856649.5
489.000;1646223078051719.8
489.000;1646223078887983.8
489.000;1646223079413890.5
489.000;1646223095421857.0
489.000;1646223114636399.8
488.000;1646223115587827.2
489.000;1646223116608044.5
488.000;1646223118622224.0
488.000;1646223119140953.5
488.000;1646223121580546.8
489.000;1646223122617518.8
489.000;1646223128576850.5
490.000;1646223135411756.5
490.000;1646223136056686.0
490.000;1646223137062773.0
489.000;1646223137858770.0
489.000;1646223138177690.8
489.000;1646223146889938.8
488.000;1646223155474642.8
488.000;1646223158612158.5
488.000;1646223163292501.0
488.000;1646223167619241.8
487.000;1646223169162357.8
488.000;1646223177120904.5
488.000;1646223180871233.0
488.000;1646223181115313.2
488.000;1646223181837251.5
488.000;1646223182137734.2
488.000;1646223183617177.5
488.000;1646223187201663.5
488.000;1646223193986113.8
487.000;1646223194084404.5
488.000;1646223197064340.2
488.000;1646223198748883.8
488.000;1646223199955416.0
488.000;1646223200501282.8
487.000;1646223224761379.8
488.000;1646223226587973.0
487.000;1646223233103100.2
487.000;1646223234137440.8
488.000;1646223236108155.5
487.000;1646223236714448.5
487.000;1646223242104452.5
487.000;1646223247076218.0
487.000;1646223247634479.8
487.000;1646223251261789.8
487.000;1646223257742444.2
487.000;1646223258053102.8
487.000;1646223259929719.8
487.000;1646223267464380.5
488.000;1646223283491700.8
488.000;1646223290861510.2
487.000;1646223292602148.5
487.000;1646223294652411.0
488.000;1646223295108794.8
487.000;1646223296096350.2
487.000;1646223296618469.5
487.000;1646223297601926.8
488.000;1646223298115582.8
488.000;1646223305108282.0
487.000;1646223305281515.2
487.000;1646223307675318.0
487.000;1646223308113979.2
487.000;1646223309086886.8
487.000;1646223309612739.5
487.000;1646223313107827.0
488.000;1646223317302905.8
487.000;1646223317445067.8
488.000;1646223318395153.5
487.000;1646223319031818.5
487.000;1646223319727026.0
487.000;1646223320207293.0
488.000;1646223356636651.8
487.000;1646223369121945.0
486.000;1646223371572731.0
486.000;1646223373093379.2
487.000;1646223374592843.2
487.000;1646223377291913.8
487.000;1646223377583668.2
487.000;1646223378226795.8
487.000;1646223392597464.5
486.000;1646223400656923.5
486.000;1646223412709499.2
486.000;1646223417065085.8
486.000;1646223417578433.5
486.000;1646223420205912.0
487.000;1646223420584744.2
486.000;1646223422548953.0
486.000;1646223425097028.5
487.000;1646223426065223.0
486.000;1646223427587793.2
486.000;1646223429626496.2
486.000;1646223432065037.5
486.000;1646223432533018.5
486.000;1646223434082775.5
486.000;1646223437432824.5
486.000;1646223437724584.2
486.000;1646223439352937.2
486.000;1646223458197728.2
486.000;1646223458407232.5
486.000;1646223458631003.2
486.000;1646223458758967.5
485.000;1646223458950226.8
486.000;1646223459138183.8
486.000;1646223459292398.0
486.000;1646223459469245.2
486.000;1646223459556170.2
486.000;1646223459983190.2
486.000;1646223460216382.5
486.000;1646223460307610.0
485.000;1646223460634726.8
485.000;1646223461344889.8
486.000;1646223461435500.8
486.000;1646223461574697.0
485.000;1646223461856353.5
485.000;1646223462891361.2
485.000;1646223484635171.0
486.000;1646223486561766.0
485.000;1646223486650462.8
485.000;1646223492135165.5
484.000;1646223494624067.0
485.000;1646223495105515.5
484.000;1646223495603604.2
484.000;1646223497471218.5
485.000;1646223497562046.8
485.000;1646223498879706.0
485.000;1646223499367285.5
485.000;1646223499679093.0
484.000;1646223524035363.0
484.000;1646223528659742.8
484.000;1646223544020808.0
484.000;1646223551626007.2
483.000;1646223557063082.8
484.000;1646223559871654.8
483.000;1646223560397373.2
484.000;1646223611602516.8
484.000;1646223618554095.5
485.000;1646223620472278.2
485.000;1646223624106584.2
484.000;1646223627617949.2
484.000;1646223631887563.0
483.000;1646223641451699.2
484.000;1646223656676444.0
483.000;1646223667081463.2
483.000;1646223671581968.8
483.000;1646223679739757.2
483.000;1646223683109701.0
483.000;1646223686115587.0
483.000;1646223687619905.0
